"X1" "X2" "X3" "X4" "X5" "X6"
-19.2 -25 -50.9 -43.7 -30.2 -25.9
2.3 -6.3 -29 -22.7 -13.1 -9.5
7.8 -6.9 -56.1 -41.9 -19.9 -14.7
25.9 4.3 -42.1 -25.6 10.6 13.6
81.7 61.4 27.5 33.5 66.3 62.8
89.5 60.8 34.3 43 93.6 90.2
97.5 45 -5.4 -1.8 65.8 53.7
116 92.3 65.4 64.4 89 88
-15 -35.8 -75.7 -69.7 -9.3 -21.2
-18 -32.4 -48.3 -47.1 -26.2 -18.5
6 7.5 2.8 3.5 2.1 7
-22.5 -29.5 -54.1 -49.8 -42 -37.3
18.2 17 11.1 10.5 5.9 5.4
-9.9 -18.8 -56.9 -45.8 -21.4 -15.8
50.6 41.9 15.5 21 36.4 43.1
0.7 -31.2 -78 -66.4 -1 -1.2
31.8 3.9 -46.3 -33.1 -2.2 9
70.5 41.5 -6.1 -0.5 48.1 43.9
143 113 72.6 77.6 106.3 105.8
63.8 23.9 6 3.9 53.3 48.7
56.9 41.2 23.6 24.8 37.1 40.6
29.4 20.1 4.1 5.7 13.3 18.7
-40.2 -45.3 -81.1 -66 -53.4 -43
-51.4 -61.8 -96.4 -84.3 -56.9 -59.6
-54.6 -69.7 -103.4 -93.8 -48.7 -60.4
33.6 26.8 12.1 16.7 22.6 28
22.8 8.5 -31.7 -18.8 16.2 14.5
51 35.1 2.9 10 35.9 40.1
54.8 34.9 -6.5 4.1 36.3 43.4
59.8 26.6 -10.8 -12.3 38.7 36.7
150.7 132.5 94.6 101.3 119 119
123 104.6 89.7 90.7 105 105.6
45.3 22.6 0 4.2 23.6 31.8
25.7 20.2 -5.3 1.4 9.6 14.3
6.5 5.9 -15.5 -10 -14.5 -6.8
-65.1 -77.2 -120.2 -104.9 -91.6 -83.4
-45.7 -56.9 -96.9 -86.1 -66.4 -61.7
2.1 -5.3 -42.2 -33.2 -23.9 -17
17.4 4.7 -27.8 -16.9 4.6 9
57.1 37.3 6.8 14 47.1 45.4
96.5 77.2 43 50 75.1 77.1
58.8 21.1 -23.4 -22.4 37.8 32.3
169.9 151.4 127.6 131.8 146.8 147.4
125.6 103.6 80.3 81 101.7 103.3
57 40.4 25.2 24.8 45.4 44.5
37.5 36 19.2 24.1 37.3 40.8
3.1 3.4 -10.1 -7.2 -3.9 0.9
-13.1 -13.5 -36.5 -30.4 -32.9 -20.9
-32.2 -44 -73.3 -68.7 -56.3 -52.2
28 23.8 10 9.1 13.5 16.9
49.3 36.2 7.7 15.4 22.5 28.8
53.5 34.6 -4.2 8.9 35.6 38.9
44.2 14.2 -28.6 -20.6 24.7 19
83 49.1 11.5 13.5 61.8 55.8
142 113.9 75.6 84.1 121.2 121.6
103.5 76.9 48 48.5 68.4 71
10.2 -12.7 -43.3 -35.7 -6.7 -4.7
21.9 15.2 1.1 3.1 8.9 12
-66.9 -72.9 -118.4 -104.1 -88.2 -76.4
-0.7 -3.8 -14.2 -11.6 -8.4 -5.2
-4.7 -11.3 -36.4 -27.4 -27.1 -21.9
-13.7 -22.5 -65.5 -52 -37.3 -33.4
9.4 -6.9 -45.6 -35 9.3 11.6
-20.5 -52 -107 -92.3 -33.7 -35.8
92 74.8 44.3 49.9 74 71.7
134.8 113.5 89.4 90.9 119.6 117.5
120.5 85.9 48.1 48.6 96.2 87.8
154.1 137 120.1 119.2 134.8 132.5
72.2 55.3 42.6 45.8 69.4 69.3
-3.8 -15.9 -52 -41 -23.8 -18
-2.3 -5.7 -30.9 -23.4 -29.3 -25
-83.4 -101.1 -159.3 -140.8 -123.8 -108.6
-13.3 -19.9 -43.9 -39.8 -33.6 -31.2
8 1.7 -23.8 -20.1 -6.7 -2.3
59 51 30.9 34.2 43.5 46
28.4 9 -34.1 -21.2 5.4 6.2
37.4 10.8 -31.3 -21.4 19 15.9
116 92.1 64.2 63.5 95.5 93.7
134.5 111.2 75.1 79.8 101.3 97.8
135.6 116.3 98.9 99.4 118.6 117.2
17.1 -9.6 -32.2 -29.7 16.1 16.2
-98.8 -116.5 -184.1 -163.7 -123.7 -113.2
-53 -65.7 -96.1 -89 -44.2 -42
-18.7 -22.4 -52.1 -39.8 -42.7 -34.6
-19.4 -25.3 -46.1 -39.9 -14.8 -11.9
8.2 2.4 -27.5 -19.9 -7.1 -1.8
1.1 -14.2 -59 -44.3 -8 -5.7
11.1 -10.3 -50.8 -39.2 8.4 8.6
72.3 52.9 8.7 22.4 58.7 58.4
47.1 14.8 -44.4 -30.5 20.2 20.7
142.4 113.9 80.8 81.1 113.4 107
92.5 65 38.8 38.5 66.7 64.9
44.6 29.8 4.3 9 31.9 32.7
13.2 7.8 -9 -2.3 13.1 17.8
-29.3 -35.2 -58.1 -52.9 -21.4 -19.3
-49.6 -58.1 -106.4 -90.2 -79.3 -70.8
4.7 4.5 -5.3 -7.7 -2.8 -3.9
20.7 15.2 -1.7 1.6 8.9 12.1
18.9 6.3 -34.2 -20.3 -13.6 -7.6
64.1 45.7 10.8 21.6 52.9 54.9
64.5 40.5 8.9 12 56.9 55.8
65 35.4 -4.1 -1.6 37 33.5
156.7 141 114.7 116.5 127 124.4
111.9 86 62.8 62.6 80.5 78.5
43.4 28.3 8.1 11.8 36.9 36.3
22.6 15.7 -10.4 -3.9 11.3 15.2
-49.1 -53.9 -82.8 -73.6 -35.6 -32.2
-27.9 -32.4 -64.8 -57.1 -52.9 -46.9
-4.4 -10 -38 -29.6 -33.6 -26.9
-6.5 -16.1 -67.4 -49.3 -40.3 -30.9
7.2 -10.8 -48.7 -40.4 4.1 4.9
37.8 20.6 -19 -8 17.6 21.1
-11.8 -45 -99.8 -85.2 -23.3 -27.3
69.4 38.7 -10.1 -2 37 32.8
130.1 105.4 67.5 73.9 94.4 92.7
98.7 70.1 45.2 44 67.4 64.7
24 18 12.9 11.8 34.4 39.3
12.7 5.5 -20.4 -12.6 0.2 4.9
-19.9 -24.6 -58.8 -48.5 -57.8 -50.8
-19 -21.4 -44.5 -33.4 -33.7 -23.2
-19.5 -29.8 -40.7 -44.1 -23.6 -21.1
24.2 19.2 16.2 5.7 29.3 24.2
-6.7 -26.7 -71.4 -57.5 -17.9 -9.8
54.7 33.2 11.9 12.8 51.5 45.5
-0.5 -41.4 -90.9 -82.6 -19.8 -14.6
65.3 34.7 8.9 9.1 49.3 55.6
165.9 142.4 113.9 129.1 137.1 144.6
130.1 109.8 81.6 95.6 106.9 112.4
68.1 65.2 30.2 46.3 51.1 60.4
-42.9 -68.9 -113.1 -88.7 -66.6 -50.7
-26.9 -35.4 -78 -51.4 -49.9 -34.2
-6 -5.1 -33.8 -21.9 -30.4 -21.6
-1.6 -24.8 -49.7 -46.8 -31.7 -33.4
11.4 0.3 -34 -21.3 -3.3 1.6
43 35.6 -6.8 9.4 10.5 19.7
36.6 -14.7 -41.3 -37.8 14 14.6
83.9 61.8 22.4 35.2 59.8 58.6
86.1 51.1 21.1 25.7 68.7 65.5
115.8 87.8 45.1 51.5 81.3 70.9
100.8 77.2 51.5 54 67.3 64
50 37.1 24.1 28.4 47 43.9
24 14.7 -6.6 -4.8 -2.6 2.7
-12.1 -7.4 -39.9 -28.1 -30.4 -22.7
11.5 8.2 7.3 0.2 2.5 3.2
-23.6 -31.4 -68 -58.2 -47 -43
-16.2 -44.1 -71.6 -75 -20 -17.4
0.8 -18.1 -58.3 -48.4 -15.9 -8.4
7.4 -19.1 -56 -52.6 -2.1 0.8
36.1 5.7 -49.1 -32.3 7.4 6.6
87.7 57.3 11.3 21.3 56.4 53.7
148.9 127.5 103 99.9 116.6 112.9
99.2 80.3 51.6 53.1 78.6 77
-19.3 -54.1 -76.6 -82.9 -22.4 -21.1
-8.7 -17.8 -58.2 -46.1 -29.9 -23
2.3 4 -30 -15 -21.4 -15.2
-7.1 -5.1 -26.1 -18.6 -19.5 -16.1
12.1 10.3 -1 2.3 -0.7 0.9
-3.3 -6.9 -42.2 -34.7 -15.3 -9.8
19 6.4 -43.6 -27.7 -13.2 -7.3
45.3 26.2 2.6 3.3 45 46.2
-0.2 -35.3 -79.1 -74.6 11 8.6
84.5 49.9 15.5 16.3 60.8 57.9
87.5 50.6 16.3 10.9 69.7 61.8
76.5 36.8 24.5 5.2 67.1 62.4
59 41.8 20.3 20.5 40.8 38.7
-10.9 -19.1 -62.6 -41.5 -21.3 -14.4
-28.8 -49.5 -73.7 -78.4 -49.9 -46.6
-15.7 -16.3 -45.1 -28.9 -37.3 -24.4
-43.5 -40.3 -95.6 -74.9 -78.2 -68.1
-23.4 -23.9 -70.2 -58.2 -48.4 -39.9
10.3 0.4 -31.9 -28.9 7.5 11.9
9.1 -28.8 -67.6 -62.5 2.3 -0.3
-45.1 -85.3 -140.8 -135.8 -36 -42.1
64.8 26.8 10.1 -4.9 73.6 68.9
117.6 76.5 42 42 93.6 88.3
113.1 89.1 67.9 69.7 97.9 95.8
44.4 37.6 11.6 22.3 30 34.7
-10.2 -19 -61.6 -39.1 -34.7 -19.6
-58.2 -55.7 -77.5 -75.3 -53 -46.4
-40.3 -40.2 -63.6 -63.5 -42.5 -36.4
16.8 18.9 8.7 7.7 8.5 10.2
-62.4 -74.6 -151 -130.5 -60.7 -53.3
18.4 11.4 -38.9 -18.3 -8.3 -1.4
22.9 -7 -32.8 -32 16.2 17.6
69.7 59.7 11.4 25 54.6 55.9
116.9 90.6 69.6 64.7 93.4 88.8
123.8 76.8 73.9 51.5 89.7 80.7
125.3 106.4 85.3 79.6 98 95.5
45.8 27.4 9.7 10.3 33 31.5
20 6.5 -7 -8 13.2 15.4
-25.4 -38.5 -53.8 -64.2 -54.9 -51.7
-57.6 -69.1 -114.1 -103.1 -88 -78.9
-23.2 -21.9 -51.5 -40 -33 -30.4
-56.1 -75.2 -108.1 -102.9 -41.4 -48
24.2 17.7 -21.4 -4.7 0.8 6.8
21.1 -13.6 -50.4 -42.4 1.6 0
12.5 -37.5 -102.2 -85.3 -13.9 -20.2
81.3 45 -8.7 3.1 41.3 35.8
152.9 130.7 89.9 102.4 122 118.1
106.5 83.9 73.7 60.8 87.4 86.2
73.7 63.6 40 51.6 63.4 63.7
19.1 13.6 -27 -6.7 -20.4 -14.3
-9.2 -12.9 -34.9 -30.5 -22 -17.1
-91.6 -129.7 -181.9 -171.6 -104.8 -103.3
-7.4 -6.9 -10.6 -18 -8.3 -5.1
38 35.1 27 26.1 32.2 30.8
-8.8 -42.1 -94.6 -82.6 -28.8 -26.1
3.9 -13.6 -70.3 -51.2 -13.3 -11
62.7 42.9 -10.9 8.7 39.8 37.8
109.5 74.9 45 46.6 87.2 81.1
144.7 108.4 90.7 82.1 124.8 119
118 91.7 71.6 72.1 95.2 93.6
49.3 41.3 14.6 24.7 30.4 35
-31.6 -44.5 -90.5 -72.9 -45 -41.6
-57 -89.8 -115.8 -123.9 -64.5 -63.7
1.7 6.7 -21 -1.8 -23.9 -16.9
-34 -35.9 -84.4 -63.1 -64 -58.3
-43.1 -45.7 -99.2 -83.6 -58 -47.3
3.6 -4.1 -62.9 -35.2 -25.6 -17.2
34.1 23.9 -16.9 -3.3 17.5 23
31.6 8.9 -33.9 -29.4 25.4 26.2
75.4 44.9 23.8 14.6 84.4 79.9
133.3 104.7 67.2 75.9 93.5 88.6
143.7 126.4 105 110.1 118 116.4
-3.6 -28.6 -53.7 -55.4 -2 -1
-58.3 -77.5 -126.5 -111.6 -88.3 -84.5
-43.3 -53.2 -85.3 -73.9 -74.2 -64.2
-1.2 -2.3 -21.5 -14.2 -23.4 -18.4
2.3 -8.2 -31.6 -28.2 -16.5 -17.3
18.3 -10.2 -22.9 -34.6 6.1 4.9
0.1 -10.7 -74.8 -52.4 -21.2 -14.7
62.2 55.9 23 31.8 46.7 47.2
77.4 62.7 12.7 31.4 56.9 56.5
50.9 8.7 -34 -33.5 32.3 26.5
109.8 73.9 60.1 42.3 110.9 106.6
109.8 91.4 81.2 72.8 97.9 93.8
36.4 21.9 -3.2 -2.2 28.4 27.4
-46.8 -60.9 -102.8 -85.4 -53.1 -47.6
-35 -75.2 -99.3 -100.8 -64.1 -62.2
-25.2 -50.8 -88.4 -77.7 -59.4 -55.7
17.7 20.8 2.1 8 0.2 0.8
-24.7 -40.9 -90.9 -78 -30.8 -25.9
20.9 6.8 -24.8 -18.8 21 26.5
46.5 16.8 -12.2 -7.7 30.5 31.6
-44.6 -91.5 -127.9 -133.2 -22.1 -27
116 99.7 69.2 72.8 98.6 96.5
144.2 122.6 93.4 97.6 127.3 124.8
94.8 64.6 40.1 37.4 70.8 60.1
43.2 14.9 -1.3 11.4 35.7 47.7
21.4 12.8 -5.3 -0.4 20.7 24
-31.9 -38.8 -49.8 -52.1 -4.9 -2.3
-4.3 -2.4 -28.3 -14.2 -18.6 -16.8
-29.5 -29.9 -81.1 -58.1 -55.9 -50.7
14.1 6 -29.8 -16.4 -5.3 -0.5
-5.2 -18.9 -88.6 -54.1 -26.5 -18.2
17.6 2.1 -64.5 -36.8 -24 -17.1
100.7 77.6 38.5 46 78.3 71.6
18 -60.2 -62.8 -73.4 28.4 18.1
119.6 82.8 58.9 65.2 112.6 95.1
101.5 71.6 55.6 57.6 77.8 76.9
46.1 31.3 0.2 13.9 21.1 21.9
8.6 0 -21.5 -11.4 2.2 6.7
-3 -0.4 -30.9 -17.1 -23.4 -17
5.4 9.3 -18.4 -2.3 -17.5 -14.7
1.7 2.6 -36.4 -15.4 -30.9 -24.1
5.9 3.8 -57.7 -26.7 -24.3 -19.6
10.9 -8.2 -43.9 -29.1 -0.1 6
14.2 -21.3 -84.9 -90.2 -40.3 -37.8
45.3 10.9 -22 -9 41.7 39.5
127.4 103.8 80 77.6 103.7 100.1
145.2 139.5 70 94.1 100.9 109.5
120.9 92.5 74 68.5 115.5 113.5
20 0 -38 -20.1 2.8 5.5
47.6 39.1 18 25.5 29 32.6
-62.3 -61.1 -120.9 -102.4 -74.1 -54.6
-30.9 -32.3 -75.4 -59.4 -57.3 -43.3
-1.4 -4.1 -52.3 -40.6 -47 -44
9.4 -9.8 -23.9 -16 -4.4 0.1
25.1 12.4 -35 -17.1 6 11.2
60.2 42.8 3.6 15.1 47.8 46.8
105.9 88.7 26.4 51.4 69 67.4
115.4 87.6 49 57.5 90 86.6
156.1 143.6 95.3 113.2 118.2 118.4
97.4 64.6 44.1 25.9 56.4 51
62.3 47.8 24.4 30.8 49.7 50.2
27.2 18.4 -4 1.6 11.8 12.6
-35.1 -43.3 -67.6 -72 -37.8 -35.9
-19 -15.1 -52.5 -38.2 -37.8 -30
21.5 19.2 11 12.3 11.8 8.1
5 -4.5 -52.6 -29.8 -22.5 -17.7
32.6 10.3 -3.7 -13.6 18.9 17.5
41 25.9 -26.6 -15.4 4.2 4.7
41.5 6.3 -38.4 -23.4 14.7 10.8
134.6 114 87.8 94.4 116.8 114.2
132.9 106.4 55.6 63.3 78.2 73.8
115.7 90.9 66 63.1 86.4 84.4
74.8 59.9 43.5 51.8 56.8 57.3
-3.6 -18.3 -41 -51.1 -13.3 -11
-56.3 -60.9 -94.7 -85.3 -60.9 -56
-5.1 -8.8 -20.1 -15.7 -11.5 -9.2
-22.4 -23.6 -86.2 -74.1 -61.5 -59.6
4.3 8 -58.2 -17.1 -17.9 -9.1
31 29 -23.4 8.4 12.6 18.2
6.3 -8.5 -62.5 -46.3 -5.5 -4.9
44.1 9.1 -55.6 -51.5 17.8 13.3
123.8 120.1 54.1 55 63.9 58.6
155.4 118.1 114.8 90.9 128.1 120.2
43.5 -21.1 18.3 -35.4 64.9 61.8
34.9 37.1 -17.9 23.9 32.3 36.9
-30.4 -39.6 -71 -65.1 -27.8 -21.7
-55.5 -69.7 -105.7 -99.8 -70.4 -63
-15.1 -7.7 -30.7 -11.6 -15 -10.5
6.4 10.3 -29.3 -9.5 -28.5 -20.5
5.7 -6.7 -27.4 -10.8 9.6 13.7
20.5 4.2 -61.2 -38.5 -36.4 -29.1
80.1 67.6 28.6 41 54.7 57.7
12.1 9.3 -77.4 -48.4 17.4 20.7
77.2 72.9 -10.5 37.7 37.3 36.1
141.1 117.7 78.6 84.6 93.7 93.2
117.4 109.4 44.9 71.3 67.6 67.2
22.6 7.7 -42.4 -25.8 -0.6 2.4
0.7 -11.4 -22.6 -25.8 13 17.1
-23.2 -24.9 -60.1 -38.9 -39.6 -31.5
-87.9 -107.9 -165.5 -162.4 -114.8 -103.3
7.7 9.1 -30.8 -14.4 -27 -18.7
-21.4 -37.2 -38.3 -43.9 6.7 13.2
-59.9 -64.2 -172.7 -124.9 -67.9 -51.6
5.1 -12.2 -84.2 -52.4 -21.9 -11.7
88.6 71.4 29.1 41.4 48.4 47
138.9 125 81.5 90.9 110 108.8
170.8 150.6 118.2 131.9 146 146.2
143.7 131.5 93.5 94 104.7 102.2
73.5 63.5 6.1 39.8 39 39.4
21.4 -4.3 -41.1 -46 -15.5 -12.1
-12.4 -22.1 -96.9 -62.3 -68.1 -57.3
-12.7 -20.9 -36.4 -35.8 -26.5 -21.8
9.2 4.3 5.8 2.4 4.7 5.4
1.7 2.5 -14 -8.6 1.5 4
45 38.4 16.5 21.8 44.2 46.5
62 43.3 14.9 24 44 44
36.7 15.2 -36.7 -18.1 15.7 24.8
7.2 -30.9 -58.4 -35 38.6 48.6
165.3 152 122.4 131.9 134.8 139.6
98.6 68.5 60.6 41.6 88.1 75.8
33.2 32.6 2.1 11.7 40.3 37.1
6.7 4.5 -49.3 -37 -27.6 -20.5
-13.1 -15 -56.5 -42 -35.7 -29.9
-7.4 -12.6 -47.9 -31.5 -41.7 -21.8
-71.2 -96.7 -128.4 -152.3 -74.9 -129.5
-40.1 -48.7 -91 -94.2 -43.1 -52.9
14.7 -9.2 -65.9 -57.5 -28.4 -30.4
32.5 24.6 -51.7 -25.4 5.6 14.3
28.5 1.1 -63.6 -52.4 11.6 1
62.9 31.1 -22.2 -21.1 33.1 39.7
129.5 113 92.4 91.3 100.8 109.4
117.9 104 65.6 81 97.1 88.9
75.2 56 25.6 33.4 45.5 54.3
3.7 -1.8 -65.3 -59.3 -46.3 -28.8
-25.8 -13.1 -63.3 -33.3 -36.6 -12
-47.4 -36.4 -131 -67.2 -88.7 -50
16 16.3 -20.5 -10.4 -26 -12
18.8 3.4 -45.2 -28.6 -35.5 -19.7
-64.1 -82.8 -155.4 -146.7 -57.6 -68
49.4 19.7 -16.7 -5.3 21.5 25.3
43.3 13.6 -40.1 -31.6 16.9 21.6
135.6 119.8 86.3 96.4 110.7 120.6
156.1 140.2 100.1 117 113.3 124.4
128.3 117.4 67.4 73.9 50.4 89.8
51 12.6 0.4 6.2 23.7 21.5
-12.8 -35.5 -48.2 -40 -14.2 -4.1
-40.5 -57 -107.1 -105 -72.7 -62.6
11.4 9.6 4.8 7.3 0.9 5.4
1.6 -6.4 -12.8 -19 0.1 -4.1
-33.9 -52.4 -33.4 -49.1 5.6 4.9
-44.9 -64.2 -123.1 -108.5 -33 -35.1
25.4 0.1 -47.1 -35.2 2 0.6
60.8 27.3 -32.1 -20.8 11.6 9.8
21.6 -1.1 -63 -56.5 4.1 -15.3
43.8 -14.2 -85.8 -73.1 11.7 3
83.1 61.8 -10.6 6.8 24.8 40.2
-28.6 -64 -56.9 -46.8 -1 10
34 28.1 -5.9 4.1 -5.5 8.6
-29.8 -46 -47 -51.5 -18 -19.9
-132 -155.1 -218.1 -210 -106 -116.9
-5.5 -6.5 -15.3 -29.3 -18 -25.6
15.3 5.3 -20.3 -16.7 -5 -1.2
-8.1 -22.4 -60.3 -60.7 5.9 0.7
52.3 27.5 7.4 5.7 59.1 50.1
30.6 14.4 -27.3 -0.6 30.6 46.8
32.2 9 -28.1 -22.5 33.4 29
155.6 139.7 97.4 94.1 127.1 118.1
127.7 112.4 100.5 99.2 130.6 131.3
-4.9 -34.2 -80.8 -89.2 -29.9 -38.2
-7.5 0.9 -54 -23.2 -44.6 -2.1
-36.7 -49 -88.6 -89.8 -62.8 -62.3
-93.4 -91.6 -151.2 -111.7 -80 -89
9.1 8.1 -1.5 -3.6 -4.8 -0.6
35.9 23 3.9 3.2 12.9 12.6
20.6 9.4 -78.3 -36.4 -25.2 -10.5
-47.5 -77.6 -149 -120.1 -47.8 -61.6
76.1 57.1 -6.3 30.3 64.4 61.7
108.6 80.3 37.9 49.9 87.6 92.5
166.2 141.2 103.3 118.7 128.5 129.3
98.2 64.3 6.2 17.7 46.3 45.3
68.9 51.8 18.8 39.9 43.8 53.9
42.9 31.1 5.6 9.6 17.7 26.5
-106.1 -115.1 -200.5 -179.2 -123.3 -139.4
-22.8 -16.2 -126 -71.8 -95.2 -64.3
5.2 6 -30.8 -9.7 -28.6 -26.6
22.7 17.6 -34 -14.9 -17.8 -5
-18.6 -53.3 -95.1 -91.3 -19.2 -37
80 60.6 9.3 24.8 44.6 42.7
-58.9 -80.1 -156.5 -130.1 -33.2 -23.7
128.1 113.2 55.1 87.9 89 105.7
153 129.4 73.5 87.2 114 109
68.9 36.2 9 5.7 53.5 45
52.7 20.8 11.4 1.7 38.2 23.5
37.3 20.5 -18.9 -1.3 -18.1 -2.6
-14.2 -20.5 -97.9 -51.5 -60.7 -53.3
-32.9 -38.4 -127.9 -89.3 -110.3 -85.7
-28.9 -27.1 -119.4 -59.1 -80.4 -60.7
-43 -36.2 -94.8 -49.6 -54.7 -32.5
-71.7 -80.2 -155.8 -115.8 -57.8 -61.4
18.8 -10.9 -86.1 -78.7 -17.4 -27.6
-95.7 -122 -160.9 -106.5 -22.4 -39
62.9 39.4 10.5 10.3 49.2 50.2
125.2 96.8 42.7 69.4 78.2 87.3
101.4 66.8 61.2 46.4 90.8 86.1
-27.5 -59 -83.4 -92.6 -18.9 -35.6
-8.8 -10.6 -68.6 -23 -28.6 -25.7
-125.4 -122.8 -92.2 -116.6 -41.1 -59.2
9.4 10.9 -8.7 -3.8 -4 -3.5
-26.1 -32.9 -75.5 -52.5 -53.3 -45.6
27.6 24.8 -46.2 -25.6 -22.8 -9.1
-14.3 -28.4 -97.4 -68.2 -48.3 -32.7
53.6 33.5 -52.7 -3.7 0.3 3.6
60.9 45.2 -5.9 6.2 48 48.2
81.1 54.8 -3.5 -6.4 59.1 50.9
159 136.6 93.8 112.1 123.6 124.8
115.7 73.8 62.6 42.7 91.2 82.6
51.8 40.6 14.2 23.3 40.6 34.3
-45.6 -63.6 -113.7 -90.8 -54.7 -42.4
-18.1 -3.3 -47.8 -18 -21.3 -9.5
5.2 1.4 -41.7 -22.3 -50.3 -33.7
6.2 20.2 -25.8 3.6 -24.3 -19.6
28.6 26.8 1.1 9.2 10 4.2
40.4 35.2 12.1 15.4 48.9 46.2
32.6 12.6 14.2 11 54.5 46.7
-3.2 -8.9 -92.1 -63.1 -27.9 -34.8
107.6 86.9 53 66.3 95.6 95.7
148.3 131.3 87.5 100 110.6 102.8
64.1 24.6 -12 -26.8 43.3 30
-30.9 -35.8 -104.4 -69.4 -38.3 -40.4
-28.9 -23.4 -68.8 -37.2 -38.6 -19.9
-13.5 -5.5 -50.9 -17.8 -39.7 -21.7
-56.4 -64.1 -101.1 -84.5 -78.6 -61.3
-39.2 -37.4 -101.2 -77.1 -65.4 -59.1
-7.1 -4.2 -53.6 -30 -19.1 -10.6
-20.3 -32.4 -86.1 -69.3 -38.5 -19.8
19.2 4 -45.7 -24.7 28.3 28.2
55.4 36.8 -2.7 -5.7 40.6 32.9
40.8 28.6 -14.8 -19.2 38.6 39
139.7 128.6 75.9 93.8 99.9 102
52.8 11.4 9 -11 41.5 35.5
7.5 -8 -26.5 -36.1 7.5 2.8
12.8 21.1 -23.7 7.2 -5.9 -0.7
-52.1 -42.3 -91.5 -60.9 -49 -41.3
-52.7 -62.3 -110.6 -106.3 -96 -97.2
-29.2 -22.4 -53 -39.3 -34.9 -36.6
-1.9 2 -64 -30.6 -23 -15.1
30.4 22.6 -19.6 0.9 18.9 18.4
28 44.5 -45.3 10.8 7 12.1
48.9 49.2 -68.3 -26.8 5.4 -3.7
21.2 10.2 -79.4 -57.2 5.9 -2.2
111.7 73.5 36.7 63.6 78.5 80.5
78.4 68.9 20.6 37 62 57
64.7 32 10 0.9 37.5 32.1
-58 -41.4 -94.5 -65.7 -59.2 -56.3
-14.2 11.1 -60.9 -13.5 -45.2 -36.2
19.9 18.3 -12.7 -13.3 -28.5 -16.5
-121.2 -138.8 -194.6 -174.5 -124.1 -128.5
-8.4 -17 -88.3 -59.5 -51.7 -36.2
44.1 34.5 3.5 14.6 20.4 34.8
17.4 -0.6 -26.2 -16 32.3 24.4
49.7 23.8 -38.3 -36.8 1.8 -0.5
90 68.3 28.7 37.4 60.2 57.1
126.4 93 53.1 64.9 92.3 97
38.1 4 -25 -24.2 20.3 18.5
10.4 -11.6 -23.1 -16.3 4.2 2.2
45.7 33.1 16.6 7.9 26.9 19
-23.8 -34 -73.3 -78.3 -46.2 -65
2.8 10.7 -3.9 -1.2 -5.7 -2.9
5 2.7 -43.1 -18 -45.1 -20
14.7 13.1 -0.2 1.8 -2.2 -5.9
13.6 -2.3 -30.4 -18 12.5 -13.3
-117.3 -145.5 -168.1 -132.3 -40.6 -71.9
102.3 83.6 56.2 58.8 85.7 86.6
110.3 81.2 38.7 39 79.8 71.2
166.6 147.6 119.3 125.9 121.7 137.6
58.9 24.3 -14.6 -2.4 45 45.1
52.3 7.7 -10.7 -6.4 12.2 31.1
-26.4 -39.8 -74.6 -66.5 -25.7 -23.9
-12.4 9.2 -9.6 -1.5 0.3 4.6
-17.9 -28 -43 -46.9 -29.3 -31.1
-6.5 -10.3 -59.1 -40.5 -45.2 -22.5
33.1 23.7 -5.1 3.9 -0.6 13.4
-6.2 -35.2 -51.7 -56.2 1.3 -27.5
58.5 46.8 12.2 26 55.7 53.6
78.5 45.1 12.5 11.7 49.2 52.6
104.5 76 72.8 79.5 106.8 106.9
71.8 7.7 -10 -24.1 61.6 34.6
74.4 44.8 7 8.9 64.7 50.2
14.6 7.4 -35.4 -8.6 -5.3 21.7
-20.8 -48.2 -68.1 -80.4 -34.6 -46.5
-8.7 -17.6 -45.8 -58.4 -45.5 -39.5
-97.3 -117.9 -105.4 -128.4 -69.8 -87.5
29.7 29.6 23.1 18.3 15.3 13.2
-42.8 -81.1 -67.9 -103.8 -22.9 -67.1
62.9 50.7 40.2 34.3 50.2 47.5
66.1 22.5 -14.1 -25.6 41.3 13.2
16.5 -18.6 -61.6 -50.8 27.5 9.1
94.4 61.3 -1.1 19.8 60.5 63
159.9 135.7 101.8 100 116 114.5
64.6 -6.8 9.9 -9.5 49.4 48.2
30.2 8.4 -40.6 -33.2 5.2 -3.2
34.4 36.1 -3.6 17.2 -8.2 17.1
3.6 -2.1 -17.8 -27 -16.9 -13.8
-20.3 -33.5 -71.7 -67.6 -58.6 -53.9
-60.5 -76.2 -91.1 -92.4 -80.2 -67.6
45.3 40 30.7 30.3 36.5 36.8
24.4 14.7 -23.6 -13.5 19 16.7
100.3 83 55.6 62.1 82.7 83.2
72.4 57.1 11 25.4 60.9 60.7
113.2 98.5 67.6 84.5 112.3 108.8
142.6 115.3 80.1 91.8 114.6 119.3
61.7 25.1 -17.6 -2.5 43.3 48.9
65 43.6 28.7 26.4 49.6 52.3
52.5 43.9 28 29.8 35.8 29.6
-90.4 -25.9 -79.6 -42.9 -18.5 -26.8
-74 -85.9 -165.9 -141.2 -109.5 -100.3
-46.4 -67.2 -56.2 -80.8 -37.3 -59.3
41.5 38.5 23.6 27.5 26.4 32.3
27.4 22.4 6.6 14.8 32.9 30.4
-69.5 -90.1 -136.2 -97.6 -23.4 -36.8
-43.2 -68.8 -136.1 -97.9 -39.3 -31
105.6 77.3 43.3 39.5 75.3 72.7
167.5 149.1 120.5 125.3 136.4 137.7
69.4 35.8 16.2 6 54.1 45.6
50.7 25.8 18.4 18.9 52.4 46.2
24.4 10.6 0 -12.3 15.3 -0.6
15.9 19.2 -7 3.1 -7.4 8.8
-7 -7.8 -67.2 -35.8 -60.7 -30.9
-12.8 -17.2 -22 -22.2 -17 -13.2
-78.4 -94.4 -163.2 -140.6 -81.9 -88.8
-12.2 -27.4 -82.5 -58.5 -15.1 -12.4
90.1 77.4 43.1 56.3 72.7 76.1
34.1 20.4 -55.8 -20.3 22.9 28.5
143.9 126.5 74.3 86 110.1 113.1
121.7 86.1 66.4 58.2 102.7 93
95.8 57.3 32.2 29.1 79.6 83.8
52.6 43.4 -24.7 -8 5.4 19.3
-4.8 -11 -50.9 -45.4 -17.7 -23.2
15.9 5.6 -19.6 -23 -10.1 -3.4
-25.8 -28.7 -62.8 -53.3 -48.5 -34.2
-50.5 -62.1 -126.8 -103.5 -85.3 -73.2
-1.6 -2 -22 -16.9 5.4 -0.1
16.7 -2 -20.1 -25 25.7 15.4
37.1 28.9 -20.8 -4.4 28.5 35.7
44.8 -4.8 -44.6 -61.5 11.6 -3.1
126.3 96.5 58 46.1 90.4 82.1
131 101.7 78.8 74.3 108.5 99.6
119.9 104.1 61.1 69.3 79.5 82.4
69.2 37.7 34.9 23 55 43.7
41.7 15.3 5.1 3.6 24.2 19.2
38.4 39 27.4 33.5 24.7 31.6
-21.3 -30 -34.7 -36.7 -23.6 -17.8
15.7 15.5 -0.1 2.9 -2.2 3.9
32.6 28.7 24.5 23 27.7 28.4
17.5 4.9 -15.1 -19.6 10.5 5.4
81.8 76 38.6 54.1 68.3 75.6
7.3 -39.3 -85.6 -84.4 -5.1 -30.7
116 62 39.3 37.2 86.3 85.4
148.4 130.6 85.7 109.9 138.1 130.4
107.3 75.5 48 42.1 91.1 83.9
8.4 17.1 -45.8 -3.9 30.1 23.5
52.2 40.3 18.4 21.8 28.8 35.4
-22.4 -23.3 -77.4 -65.2 -67.9 -42.8
-15 -13.8 -42 -30.4 -35.9 -28.5
13.1 14 10.9 9.4 2.8 4.9
21.4 12.2 -27.5 -17.8 -10.9 3.5
23.7 15.6 -34.1 -16.5 13 10.9
55.5 34.8 0 5.6 27.4 31.9
27.3 13.5 -37.1 -12.4 32.8 36.1
131.4 107.8 77.6 82.6 106.7 110.5
161.3 149.4 100 120.2 139.5 136.3
87.4 42.8 19.6 20.5 60.3 66
79.4 54.3 36.7 28.6 49.6 53.2
50.9 48.1 33 31 24 24.3
15.5 10.3 -8.2 -3.5 -16 7.2
-74.4 -66.9 -133.3 -93.8 -87.6 -79.7
-53 -39 -102.9 -53.5 -49.4 -37.9
-26.9 -52.7 -100.5 -104.9 -69.2 -57.1
-27.5 -38 -103.9 -80.9 -37.2 -38
-6.1 -7.4 -66 -26.9 20 12.9
11.9 -31.3 -82.5 -72.7 -24.6 -27.1
73.5 57.1 -6.8 6.4 45.3 49
140.4 118.8 68.3 74.9 113.1 101.8
72.5 51.9 14.4 18.5 38 50
20.9 -9.4 -19 -9 23.1 27.6
-32.8 -48.3 -83.8 -84.5 -32.1 -42.4
-37 -63.6 -69.8 -82.3 -53.3 -47.9
-16.4 -13 -50 -28.4 -30.2 -23.8
-2.9 1.6 -39.8 -22.9 -37.1 -22.8
33.8 15.6 -11.6 -21.1 -10.2 -13.3
-3.3 -11.9 -71.4 -40.2 -4.2 -0.7
17.9 3.9 -48.3 -22.7 25.3 23.3
62.4 -8.5 9.5 -13 58.1 51.7
121.5 87.9 66.2 61.8 100 106.2
85.9 45.3 -9 13.1 80.2 80
102.1 87.9 50.1 71.1 84.5 98.6
67.1 63.9 36.4 44.2 48.6 60
-0.8 -20.6 -45.6 -53.9 -38.2 -26.9
7.3 6.2 -23.7 -17.9 -30 -3.6
-6.2 -5.9 -45.9 -39.9 -59.1 -25.6
23.8 22 2.7 11.4 -7.6 6.4
36.8 38.4 4.2 17.7 4.4 20.5
44.2 39.8 26.2 32.3 47.7 45
46 44.9 -7.8 21 41.5 49.2
112.2 83.8 64.2 62.6 94.3 90
-55.9 -96.5 -165.8 -124 -33.5 -37.6
140.9 117.3 81.3 91 107.7 101.3
123.5 98.1 80.8 64.1 102.9 95.7
42.8 10.5 -0.2 1.9 26 27
-30.9 -35.7 -82.6 -57.7 -45 -22.2
32.7 33.7 17.7 21.8 16 18.6
-85.9 -92.9 -128.7 -108.1 -63.7 -69.7
6.3 -5.8 -24.6 -2.8 -24.9 -5.5
8.2 -9.7 -48.9 -43.5 -34.9 -31.8
-49.1 -54.9 -131.2 -92.8 -42 -55.8
27.2 -4.7 -33.8 -36.7 25.4 14.9
12.9 -20 -58.2 -69.3 12.2 -3.6
75.3 28.7 14 3 63.2 52
119.3 93.3 68.8 79.1 100.3 104.3
133.5 116.5 76.1 77.4 71.3 89.8
74.3 51.6 26.1 21.2 38.9 44.8
52.9 45.1 25.8 27.4 33 39
7.5 7.3 -18.6 -10.2 -3.2 5.1
-19 -21.8 -52 -38.2 -40.5 -26.5
-74.6 -113.3 -161 -166.8 -104.1 -118.9
-40 -46.8 -95.3 -91.6 -47.3 -41.4
46.5 35.4 16.5 16.8 33 35.1
86.2 78.6 56 66.1 90.9 88
95.8 81.6 45.6 47.8 84 74.4
30.5 -6.8 -59.4 -38.7 26.5 20.4
111.6 63.4 36.2 32.4 84.4 68.9
85.9 3.8 34.7 -0.1 72.1 60.6
55.3 41.5 10.9 6.2 21.7 33.4
3.1 -6 -37.7 -17.8 -21.3 -0.3
-1.8 -6.2 -25.2 -25.7 -11.4 -12.8
-68.2 -69.9 -112.1 -95.9 -68.9 -67.2
-14.4 -17.4 -49.3 -32.8 -35.3 -21.7
28.4 32.3 18 27.7 9.6 5.4
-65.5 -103.6 -131.8 -137.3 -52.9 -83.4
16.3 -3.6 -36.5 -35.8 7.1 5.5
-2.9 5.9 -48 -17.9 27.6 32.3
62.4 31.2 3.1 11.8 47.1 51.4
145.3 124.1 83.8 79.8 108.6 99.6
32.2 23.6 -23.2 -14.2 33.9 32.6
5.6 -7.3 -54.2 -42.3 4.5 -8.5
42.5 31.4 19.8 16.4 23.9 28.5
-1.8 -2 -24.2 -21.4 -21 -13.2
-8 -3.1 -21.2 -10.8 -14.5 -6.8
20.2 12.8 5 5.9 0.7 5.7
7.2 -7 -43.1 -29.5 -7.2 -1.5
40.3 31.2 -5.1 10.2 32.2 31.1
20.2 -24.4 -64.2 -64 -5.2 -15.8
-21.5 -46.4 -109.4 -78.6 -17.3 -28.9
-4.5 -41.3 -90.3 -64 15.2 -18.1
146.3 116.7 99.9 86.6 112.7 108
100.3 60 41.6 23.2 71 58.9
72.1 54.2 27.5 22.2 41.4 43.6
-5.5 -3.9 -17.6 -21.9 14.4 9.7
-2.4 -8.8 -44.1 -43.3 -33.6 -35.3
-12.8 -25.3 -33.8 -33.3 -32.1 -22.9
-32.8 -37.5 -68.2 -64.4 -45.5 -39.3
33.6 16.1 6.1 15 18.4 27.6
31.7 16.1 -48.6 -32.5 -19.3 -7.2
70.3 47.5 4.9 20.5 29.7 45
94.2 77.3 35 46.3 68.9 73
99.4 73.2 19.3 35.7 64.1 72.5
106.7 60.9 19.5 9.6 66.4 61.9
97.9 70.6 46.7 41.9 70.7 75.1
49.4 38.6 5.2 18 38.5 43.5
27.1 13 1.9 -1.2 12.4 17.1
0.6 -11.4 -33.2 -33.4 -28.7 -36.7
-125.5 -140.4 -224.5 -178.1 -140.9 -131.3
18.5 11.2 -3.2 2.7 -7.5 6.5
-47.3 -63.9 -93.3 -110.2 -31.9 -63.6
-71.8 -98.3 -172.3 -148.4 -59.3 -79.7
23.9 20.5 -46.8 -16.2 16.3 18.2
30.8 30.4 -36.5 -9.5 30.2 40.9
79.3 85.4 34.3 43.6 77.3 74.1
125.1 87.3 68.6 77.7 111.6 117.5
89.7 41.6 15.6 -21 52.6 29.1
-67.2 -103.8 -134.8 -115.7 -56.8 -55
-27.6 -49 -86.4 -76.3 -47.4 -36.2
-67.3 -36.7 -107.9 -67.3 -60.5 -40.8
-49.3 -80.4 -142.8 -116.6 -108.5 -81.8
-50.6 -68.2 -103.1 -105.1 -68.2 -64.9
-29.2 -54.4 -75.3 -66.9 -32.9 -26.9
-50.1 -91.5 -128 -121.7 -58.3 -69
88 75.5 56.1 56.8 77.2 78.8
60.5 47.8 9.4 28.2 69.2 77.3
71 4.4 27.2 2.3 76.4 61.2
64.8 12.9 -4.7 -21.5 46.9 22.7
101.2 80 38.6 43.9 67.6 70.4
17.3 5.2 -29.7 -34.3 0.8 4.3
-134.4 -116.7 -224.7 -157.1 -142.7 -106.1
-8.4 -13.7 -54 -46.5 -38.2 -21.9
-78.9 -88.3 -143.5 -96 -99.2 -85.3
-19.5 -28.4 -64.7 -43.4 -47.4 -32.9
48.4 41.8 12.2 13.5 20.6 29.8
56.8 52.3 33.4 42 60.2 60
31.5 24.1 -60 -27.8 -9.2 14.1
45.7 19.3 -21.3 -20.5 37.3 26.3
103 64.8 37.5 38.7 84 77.7
146.3 126 71.3 104.8 106.2 120
74.3 44.3 26 43.1 72.7 74
32.7 16.3 -17.1 10.2 25.7 41.8
10.3 3 -41.1 -14.2 -12.6 4.9
-90.4 -92 -148.1 -123.3 -95.1 -87.1
-4.2 -6.6 -37.8 -29.5 -24.2 -19
-50 -63.4 -99 -91 -61.7 -64.1
-22.4 -34.9 -77.6 -57.8 -37.8 -31.8
-0.3 -23.9 -59.4 -56.9 -21.4 -25.4
16.3 -24.6 -48.7 -50.1 -0.8 -7.1
54.3 30 -9.6 -5.4 41.6 29.6
105.1 61.6 48.7 42.1 90 79.8
145.1 114.2 84.5 81.6 106.5 104.7
145.3 110.4 106.5 99.7 120.8 115
20.9 1 -26.5 -15.9 12.9 16
-33.7 -27 -68.9 -40 -16.2 -13.6
-55.2 -86.6 -135.3 -170.1 -123.9 -120.7
-41.6 -43.8 -71.3 -73 -58.2 -57.5
-65.6 -78.6 -115.1 -102.1 -81.5 -81.8
-51.4 -48 -97.8 -88.2 -60.6 -59.9
47.1 41.7 -11.7 12.6 11.7 31.4
1.3 -42.9 -78.8 -75.2 -21.1 -25.8
77.9 45.8 24 19.7 61 52.7
54.9 18.5 -66.2 -53.5 -6 0.1
120.7 59.1 49.6 26.8 80.5 67.5
23.3 -19.6 -64.4 -58.4 -12.8 -4.6
-26 -32.8 -78.9 -80 -37.6 -38.1
38.9 28.7 12.5 13.8 28 25.5
-46.5 -57.7 -91.1 -79.1 -48.5 -44.4
-49.2 -58.9 -87.2 -78.2 -66 -61
7.2 3.2 4 2.9 -4.1 -1.4
-72.4 -94 -148.1 -128.4 -75.9 -77.9
7.6 -6.5 -53.1 -48.9 -20.4 -16.7
36.6 28.3 -28.8 -12.9 19.2 19.9
58.1 21 -20 -15.7 50.3 35.8
89.7 38 16.9 16.2 73.3 64.7
149.6 105.2 88.9 90.9 129 121.9
124 76.5 75.8 69.5 98.8 93.7
31.2 5 -30.9 -38.5 2.2 0.1
20.6 15.2 -33.6 -20.3 -16.5 -5.2
-27.5 -40.9 -60.4 -63.5 -44 -39.6
-67.3 -72.8 -90.3 -67 -56.1 -47.2
-17.3 -17.3 -61 -42.7 -44.6 -32.5
-21.4 -28.3 -49.1 -40 -23.1 -21
5.1 -3.7 -78.4 -42.9 -10.3 -8.7
77.7 60.7 28.3 27.9 44.7 48.4
84.7 55.9 21 14.8 59.7 50.2
115.5 98 53.4 54.9 88.8 86.2
132.8 108.3 70.5 74.1 104 96
95.6 49.8 40.5 32.7 63.9 62.7
-2.4 -48.3 -79 -67.4 -40.2 -32.3
-78.8 -92.6 -110.2 -129.2 -69.7 -75.2
-48.2 -47.2 -102.5 -84.6 -65.3 -51.8
-15.2 -15.4 -92.6 -82.3 -81.3 -64.3
-32.6 -24.3 -83.3 -67 -52.9 -50.7
-34.9 -53.6 -120.2 -95.6 -60.9 -50.7
58.9 49.6 25.7 34.6 41.7 47.2
34.1 8 -48.1 -30.7 11.1 11.4
61.9 37.1 -26.2 -20.3 26.9 23.8
101.5 77.9 37.7 52.5 83.1 85.4
97.7 80 68.8 53.9 84.3 82.2
74.7 48.6 25.1 26.3 65.4 58.8
84.4 68 36.3 34.4 56.7 60.6
-53.2 -61.2 -137.4 -112.9 -86 -69
-44.3 -42.6 -95.8 -74.2 -70.1 -47.9
23.6 26.2 -18.1 -15 -22.7 -11
-1.8 -6.1 -30.3 -26.1 -20.9 -16.9
-4.5 -17.3 -40 -40.9 -12 -14
22 -11 -29.3 -21.4 6.7 8.1
27.3 -1.4 -22.5 -0.6 29.2 33.5
81.9 46.1 15.2 19.4 53 54.7
131.3 100 70 57.5 91.4 96.3
167.3 143.9 110.6 120.3 138.1 139.9
123.5 87.8 75.1 78.2 99.8 100
71.5 52.4 35.5 29 52.3 47.4
-0.9 -5.6 -29.5 -6.4 8.2 17.6
-155 -151.5 -237.2 -173.5 -131.9 -110
8.1 8.1 -28.4 -9.1 -31.6 -11.2
25.8 26.8 2.2 1.3 -7.1 1.8
-14.9 -32.2 -86.3 -74.7 -46.2 -39.9
9.9 8.2 -33.9 -10.1 5 15.2
37.7 16.7 -26.5 -8.4 20.9 28.3
15.5 -6.1 -80.4 -67.3 -14.3 -13
73.9 14.9 -6.7 5.3 51.6 51.1
155.3 136.3 72.3 98.3 102.4 110.7
19.6 -19.3 -74.7 -61.2 -4.1 -3.5
68 46.3 29.3 28 50.3 43.8
66.2 62.2 43 41 51.4 51.6
-106.6 -109.2 -170.2 -171.1 -121.5 -116.9
-30 -39.5 -85.5 -61.4 -62.3 -46.1
-35.8 -35.9 -67.6 -53.6 -37 -35.6
-50.7 -70.2 -104.3 -85.3 -55.8 -52.5
-78.4 -103.3 -169.9 -154.2 -94.8 -90.4
-96.6 -138.7 -169.3 -139.9 -65.6 -70.5
41.9 18.4 -25.7 -9.6 29.2 31.1
61 28.6 -28.2 -5.3 30.7 35.8
118.3 63.1 42.5 28.4 85.2 71.5
111.3 89.2 52.7 43.6 84 70.9
-8 -28.1 -96.2 -80.9 -65.1 -36.6
-22.4 -27.6 -36.9 -31 0.4 0.7
-17.8 -27 -28.6 -27 -11.1 -10.5
-11.2 -18.3 -61.4 -48 -58.4 -42.1
-55.2 -65.2 -116 -92.6 -75.3 -65.1
38.2 35.1 -12.5 4.2 -2.8 16.3
25.9 16.5 -12.1 -12.4 9 5.7
68.8 52 22.5 23.2 37.1 41.8
36.1 -24.7 -38.3 -38.2 19.4 11.4
75.9 60.9 5.8 32 72 74.2
150.4 120.5 100.5 97.5 126.2 119.8
99.9 78.3 45.6 50.4 72 78
114 96 89.9 88.9 102.6 97.3
-30.6 -48.2 -74 -92.3 -55.8 -57.7
7.3 4.2 -24.9 -18.4 -4.8 -2
-76.3 -71.3 -89.2 -71.3 -54.6 -54.2
-55.2 -52.5 -115.1 -91.8 -72.4 -66.8
24.6 20.5 -21.4 -10.8 -11.3 1.5
2.6 -19.7 -63.9 -53.3 -30.9 -22.9
-26 -44.9 -111.8 -73.3 -10.4 -11
-59.7 -56.9 -166 -89.3 -28.1 -24.6
68.9 61.5 -16.6 12.4 46.2 47.9
120.6 90.5 30.4 50 90.1 91.4
121.8 97 79 67.4 93.9 89.8
12.2 -48.1 -7.7 -46.8 18.7 -23.1
13.8 22.6 -10.6 19.2 38 39.2
-47.2 -45.3 -85.6 -61.2 -59.8 -38.1
-107.7 -129.9 -162.1 -159.3 -88.5 -123.5
-60.6 -86.2 -133.8 -105.2 -95.8 -80
-37.8 -65.9 -126.3 -114.1 -74.8 -66.3
21.6 6.5 -25.7 -21.4 7.1 6.6
43.9 8.8 -31.1 -41.9 0.4 -2.7
14.1 -48 -59.6 -52.6 -0.2 -2.1
0.2 -53.7 -65.8 -66.8 0.3 -2.1
95.8 56.9 28.4 38.7 93.4 79.1
70.6 39.8 -8.6 11.7 31.8 48.9
-92.9 -76.3 -113.3 -82.7 -38.6 -37.1
-5.9 -23.1 -32.8 -26.3 -5.8 -1.7
-19.6 -29.7 -52.4 -47.9 -25.6 -23.2
-18.4 -23.5 -52.9 -34.4 -37 -25.3
-2.1 -5.5 -40.2 -34.7 -30.3 -25.1
32.4 31.3 -13.9 -9.6 -11 1.9
61.8 51.4 38.5 38.8 52.5 58.8
43.8 28.3 -7.8 5.3 33.8 34.7
79.2 61.2 17 41 67.8 75.1
36.9 32 -36.1 -16.5 33.2 41.2
115.6 84.9 31.9 48.8 79.8 81.7
108.5 75.4 48.7 55.9 84.3 88.4
63.6 45.4 4.1 15.3 31.5 41.3
43.8 37.4 27.2 30.9 33.6 40.7
3.3 3.3 -12.7 -8.6 -1.2 1.2
-105 -150.2 -163.2 -170.8 -119.4 -131.1
-1.3 -6 -39.2 -27 -22.2 -14.2
0.3 -14.8 -48.7 -53.5 -28.7 -23.7
-124.8 -120.7 -207 -151.4 -87 -90
28.3 8.2 -28.7 -23.2 18.6 14.6
56.2 44.8 -7.8 -3.6 44.9 36.3
105.6 76.5 30.8 30.3 79 69.4
107.4 83.1 19.9 45 74.1 82.5
60.5 33.3 6.8 24.7 67.2 64.1
-8.6 -36.2 -76.4 -65.6 -29.5 -27.1
23.4 16.2 -46.2 -30.5 -35.5 -15.9
0.1 0.6 -45.1 -35.5 -30.5 -18.2
11.1 13 0 3.3 3.3 6.4
-10.9 -29.2 -55 -46.8 -36.9 -33.7
1.9 -15.6 -32.7 -20.9 -0.7 3.2
-1.1 -22.4 -77.7 -58.1 -36.3 -26.9
56.5 49.1 11.9 30.4 50.3 53.9
-29.4 -54.3 -110.6 -92 -29.2 -27
54 4.3 4 -10.4 60.6 41.4
169.8 146 124.3 120.5 149.3 145.5
33.8 -7.5 -45.7 -58.7 18.3 5
16.9 -3.1 -25.9 -13.6 8.3 16.3
45.7 37.7 19.8 26.2 30.3 34.3
21.4 22.9 -42.1 -24.2 -41.1 -14.6
-72.1 -52 -94.2 -59.8 -49.7 -42.3
10 9.3 -5.8 -1 -3.8 0.4
-4 3 -44.5 -26.9 -16.1 -2.4
45.6 47.4 7.7 19.1 33.1 37.2
-9.7 -50.2 -74.5 -59.2 -9.1 -9.1
65.5 33 1.8 15.3 56.4 58.6
155.7 133.9 105.7 116 150.3 146.7
145.5 122.5 67.5 82.6 103.5 110.9
45.2 0.6 -9.7 3.1 50 50.1
42.5 14 -8.8 -8.2 16.8 15.1
-37.5 -44.2 -103.9 -90.1 -62.1 -53.2
-11.7 -7.9 -47.5 -37.7 -31.4 -24.1
-66.1 -87.3 -100.1 -86.7 -64.3 -62
-105.3 -88 -146.9 -108.7 -77 -78
17.1 9.2 -32.7 -17.5 -1.9 3.7
22.9 24.7 -21.9 1.4 23.6 26
23.4 -25.5 -32.6 -31.2 11.7 7.5
-42.9 -93.2 -155.8 -167.1 -78.5 -92.1
11.3 0.8 -86.9 -56.7 0.5 -2
72.8 41.3 -24.2 -18.2 38.7 24.8
96.4 65.1 28.6 25.1 48.6 54.7
96.7 87.4 84.7 80.5 96.3 92.7
-15.8 -47.9 -70.6 -61.7 -31.4 -25.4
-13 -13.7 -29.5 -30.3 -15.4 -16.1
-45.4 -49.5 -83.6 -59.1 -45.5 -42.5
-11.7 -24.2 -74.9 -60 -72.2 -44.8
-12.5 -25.2 -79.2 -71.8 -40 -39.6
4 -12.4 -77.6 -67.6 -37 -29.9
0.3 -28.9 -85.7 -67.8 -25.1 -21.9
49.5 19.4 -23.4 -16.4 22.4 20.2
75.5 37.7 -10 -8.2 39.3 36
160.1 137.8 115.8 108.4 126.2 121.8
126.6 97.3 86 76.4 110.8 102.1
87.2 71.2 49 46.9 66 65.5
58.2 45.9 45.5 44.7 48.6 47.4
29.3 32.1 22.7 26 20 23.9
-51.3 -62.1 -106.7 -82.7 -64.8 -58.7
-140.4 -199.3 -265.6 -231.3 -174.2 -174.7
-7.7 -18.4 -85.2 -63.8 -48.3 -33.8
9.4 -26.6 -74 -66.7 -30.9 -29.2
34 21.5 -32.9 -18.7 5 10.1
31.3 22.4 -42.1 -19.1 20.2 26.1
94.4 45.2 39.3 38.6 82.6 76.9
158.7 143 104.3 124.1 138.3 142.3
116.9 95.7 69.3 57 86.3 79.7
54.4 37.9 16.1 24.2 43.2 46.2
-62.3 -109.3 -144.8 -142.2 -94.8 -90.2
1.1 7.5 -28.8 -11 -17.6 -4
-0.5 -4.4 -42.2 -34.3 -36.5 -26.8
13.2 6.3 -16.3 -25.8 -18.5 -18.9
6.1 7.4 -25.1 -11.9 7.6 8.5
19 15.5 -56 -24.4 -14.4 -0.8
46.1 19.5 4.5 2 38.7 30.6
12.4 -38.2 -72.5 -56.5 -9.5 -6.5
78.6 61.3 4.8 26.2 58.1 59
136.6 117.9 73.4 72.8 100.6 93.2
105.5 101.3 43.8 26.7 67.4 59.6
82.3 68 44.5 46.8 67.1 63.4
28 25 -28.9 -10.1 -9.8 6.2
-61.6 -78.9 -101.3 -91.8 -62.4 -58.6
9.5 9 -26.2 -11.3 -30.7 -11.6
16.4 -1.3 -18.2 -33.8 -30.4 -26.8
-18.3 -28.7 -52.3 -41.7 -20 -18.2
39.9 17.8 -22.8 -17.8 10.3 9.4
-42.8 -26.7 -84.5 -44.7 2.3 2.5
57.3 22.1 -27.5 -18.1 20.3 20.7
50.7 2.9 25.6 12.8 71.3 56.7
134.2 105.6 60.4 61 90.3 81.5
121.7 94 90.2 91.1 112.3 113.6
30.6 14.7 -4.1 5.4 33.4 33.6
34.9 24.4 -12.3 -3.9 3.3 11.9
32.8 35.9 22.1 21.6 21.9 20.3
-67.4 -78.1 -178.5 -144.6 -131.7 -109.6
-16.9 -37 -51.8 -58 -28 -41.4
-72.5 -92.2 -141 -122 -63.8 -75.5
18.7 -12.5 -42.1 -52.7 -10.6 -9.1
73.3 61.5 39.9 40.8 75.5 67.4
45.4 37.5 3.4 19 60 57.8
107.4 73.9 51.4 47.9 84.2 80.9
112.7 77.8 44.7 61.1 104.4 95.1
17.8 -20.1 -50.1 -48.2 24 8.7
46.6 28.8 -2.1 7.7 37 36.4
-49 -36.5 -106.1 -70 -77.2 -37.9
-76.9 -115.7 -113.9 -109.8 -63.9 -74.3
6.1 13 -53.1 -29.1 -51.8 -22.1
17.6 17.5 10.1 7.4 7.7 8.6
-7.2 -24.8 -61.3 -49.6 -37.1 -28.3
57.8 52.5 14.4 34.1 33.6 46.4
31.2 15.1 -42.7 -15.6 9.8 18.1
105.8 87.1 36.4 44.3 59.1 66.4
93.7 58.4 37.3 19.1 73.9 59.3
162.6 155.8 98.8 124.9 138.1 148
10.3 -5.1 -80.6 -70.9 -14.2 -6.5
102.6 87.5 74.6 71.9 87.4 83.6
31 10 -1.4 -11.2 18.5 14.3
-90.4 -109.9 -116.1 -102.1 -55 -61.2
-27.5 -49.2 -73.1 -52.8 -48.8 -38.6
14.5 6.9 -41.4 -25.5 -35.1 -19.7
-12 -15.9 -32.8 -24.8 -21.2 -6.2
-47.4 -77.3 -105.4 -91.2 -32.7 -44.4
87.2 69.5 40.8 46.7 70.8 68.8
-78.6 -101.1 -167.6 -134.7 -52.5 -60.2
114.4 90.8 50 53.9 85.7 82.1
182.4 154.3 136.8 127.7 155 153.9
109.8 69.7 54.4 38.8 68.9 67.9
60 36.7 23 9.4 19.1 27
29.9 28.7 -9.9 13.8 10.6 25.8
-120.7 -133.2 -177.6 -128.7 -99.3 -79.3
5.7 7.6 -18.7 -27.7 -15.1 -17.7
-24.7 -31.5 -56.2 -44 -43.2 -37.9
3.4 19.3 -35.2 -13.2 1.5 5.4
30.2 26.2 -21.1 -11.5 1.8 9.7
54 25.5 -7.5 -8.4 29.4 28.3
15.3 -15.1 -72.1 -62.5 -18.4 -10.4
109.1 104 39.8 43.5 84.8 76.3
132.4 103.3 57.8 72.3 109.7 104.9
134.3 118.9 105.7 97.3 118.6 114.5
113.7 101.1 96.4 97.8 113.4 109.5
46.8 41 27 18.6 29.3 32.9
-20.9 -31.8 -42.5 -41.3 -29 -27.8
-21.9 -26.8 -57.4 -44.9 -37.4 -33.5
-11.3 -34 -71.7 -66.3 -60 -55
8.4 5.3 -15.6 -8 -2.7 -4
36.1 36.2 -1.8 18.9 27 20.3
-20.5 -44.1 -95.5 -75.2 -44.4 -30.8
88.9 73.4 24.7 40.4 69.7 73.5
122.3 125.4 67 97.9 114.7 117.5
148.7 127.7 117.4 123.2 148.7 141
131.4 103.8 99.5 88.4 110.5 109.8
21.7 7.3 -13.1 -3.4 28 28.1
-10.6 0.8 -39 -15.4 16.7 -2.4
-12.2 -11.5 -39.1 -24.7 -22.4 -9.2
-7.3 -10.2 -41.2 -32.4 -31.4 -17.7
-61.4 -52.4 -83.9 -48.2 -34.7 -37.1
-21.8 -33.8 -74.2 -54.8 -32.3 -31.9
51.1 44.2 9 16.4 18.6 22.8
66 39.7 -11 0.3 34.4 35.7
56.8 28.8 -1.9 2.9 54.8 41.7
129 105.7 54.3 75.2 72.8 91.8
96.5 68.8 21.1 18.7 73.6 60.2
127.7 92.1 76.9 60.9 96.9 82.1
66.9 60.3 24.3 42.9 64 67.3
-121.6 -154.1 -168.5 -161 -89.3 -96.9
-9.5 -2.2 -45.9 -19.8 -28.6 -4.9
-66.2 -64.6 -91.9 -73.9 -39.3 -55.8
-86.8 -104.7 -163.8 -146.1 -115.7 -97.7
23.5 25.1 -19.4 0.3 -6.4 -0.7
41.1 33.5 -18.7 -0.2 3.6 8.6
-71.8 -111.7 -170.1 -155.5 -77 -62.9
28.4 4.2 -58.2 -50 1 -8
20.6 -16.8 -76.8 -73.5 1.2 -1.4
150.8 139 72.3 101.6 110.6 113.9
141.9 124.7 92.1 103.2 117.8 118.2
71.6 50.5 49.4 39 67.6 60.5
14.3 4.6 -25.2 -10.9 9.6 23
-29.1 -49.9 -24 -41.6 -1.2 -8.4
5.4 8.5 -13.4 -5.5 -12.1 -8.3
6.5 -0.4 -13.2 -11.9 -9.7 -9
-13.3 -20.8 -75.5 -52.1 -38.6 -26.6
31.3 14.8 -11.7 3.3 24 31.7
-7.2 -33.7 -97.9 -86.5 -42 -49.5
96.5 68 38.3 48.2 86.2 91
129.6 101.5 94.4 93.4 127.7 126.2
173.9 150.8 117.3 122.2 143.8 139.1
74.8 63.3 11.9 13.4 62.9 59.2
45.4 19 11.9 14.4 43 37.3
55.5 43.3 28.6 30.4 39.7 41
-83.6 -120.3 -123.6 -137.4 -66.1 -75.1
-5.6 -10.6 -16.2 -14.8 -0.1 5.3
-2.1 -9 -34.2 -22.4 -25.1 -21.1
36.6 20.8 -20.4 -7.8 -6.2 -1.1
68.1 58.6 35.4 39.6 62.6 59.8
21.7 1.6 -51.7 -34.2 2.8 1.8
45.1 20.9 -45.5 -29 37.2 46.7
78.8 45 3.6 11.4 57.4 49.7
165.4 122.1 89.2 83.5 132.7 132.9
128.8 100.9 87.7 85.2 120 116.9
55.4 33.3 29.7 32.9 54.7 66.1
-28.5 -43.4 -78.5 -64.1 -38.3 -34
-19.2 -17.4 -48.1 -30.6 -32.7 -28.6
-33.8 -34.7 -46.8 -33.2 -38.2 -30
0 -4.2 -12.8 -13.3 -4.3 -7.5
-22.4 -33.6 -50.7 -61 -13.2 -3.1
-19.8 -54.8 -107.2 -115.6 -32.6 -47.4
31.8 24.1 -40 2 8.6 27.4
60.4 33.4 -19.1 -24.1 44.3 24.8
124.5 101.6 63.8 74 87.1 86.7
157.6 137.6 107.8 115.8 129.6 132.2
145.1 113.8 97.9 97 134.1 133.5
20.2 6.1 -46.2 -20.7 -8.2 19.5
7.2 4.7 -26.8 -21.6 -13.9 -15.5
-51.1 -54.3 -97.5 -70.3 -73.5 -54.6
-28.9 -34.7 -38.7 -66.7 -0.5 -22.8
-13.8 -34.9 -52.8 -61.4 -32.9 -37.2
25.2 20.6 3 0.5 17.5 16.6
33.4 28.3 -16.4 2.6 12 14.5
61.2 42.3 4.9 9.7 40.1 30.8
36.9 7.3 -32.7 -37.2 46.6 37.9
-37.7 -94.9 -155.5 -134.2 -49.2 -47.6
130.2 91.1 63.5 62 107.1 95.9
86 67 21.2 21.9 52 55.7
28.3 10 -30 -41.4 2.6 -11
-60.6 -66.5 -148.4 -113.4 -101.1 -81.1
15.1 7.7 -26.6 -9.3 -22.2 -14.9
-5 -1.8 -42.5 -26.4 -22.7 -21.7
11 10.8 3 2.8 5.3 6.5
15.3 2.9 0.4 -28.6 17.1 0
23.4 3.3 -5.2 -12.8 36.7 27.4
-9.5 -51.1 -122.2 -121.6 -49.8 -62.2
52.6 38.2 -25.9 -7.9 30.6 29.1
103 69.2 19.8 40.9 50.8 51
148.4 119.4 90.9 102 113.7 117.1
96.6 63.2 51.6 54.5 89.1 86.5
-37.4 -67.4 -100.8 -87.1 -50.3 -44.3
-23.1 -30 -68.3 -64.2 -41 -31.7
-5.5 -15.7 -25 -37.9 -13.5 -17.7
-8.6 -6.7 -67.7 -24.2 -65.3 -46
1.3 -2.7 -30.6 -16.4 -30.8 -22.5
-6.1 -20.7 -68.7 -53.4 -34.1 -21.2
63.8 51.8 23.1 32.9 55.4 56.2
34.2 6.5 -53.2 -22.3 -15.4 -9.4
66.5 40.8 -10.6 11.4 39.7 46.2
136.6 105.8 54.1 73.6 90.9 87.1
178.5 160 124 134.2 141.8 145.8
153.3 131.9 108.5 112.8 121.5 126.7
-22.7 -63.3 -123.5 -114.6 -63.1 -67.2
-35.7 -40.7 -65.5 -70.1 -19.1 -23.1
-21.1 -24.2 -46.6 -31.6 -23.5 -8.5
-3.8 3.6 -40 -15.3 -32 -16.2
-5 -0.4 -48.5 -18.5 -39.9 -28.8
11.4 7.7 -37.7 -16 -12 0.4
53.7 47.2 6.5 31.9 26 30.8
64.4 47.8 18.8 22.3 60.5 55.5
80.4 54.1 8.2 23.2 57.5 50.4
128.3 107.6 84.3 80.4 117 109.2
169.9 141.4 96 111 127.2 125.4
105.8 73.7 61.9 51.7 102.2 96.4
33.2 11.4 -4.5 -7.4 10.1 8.6
53.6 41.5 23.4 26.9 40.5 42.5
-5.6 -16.3 -36.6 -30.8 -8.7 -6.4
-61.7 -83.3 -134 -122.3 -102.1 -93.6
-58.8 -87.9 -135.5 -130.4 -89.1 -80.9
-20.4 -28.3 -91.4 -59 -50.7 -39.4
21.9 5.1 -36.1 -22 3.4 7.9
17.9 -9.9 -23.8 -38.7 33.3 23.3
49.9 20.6 8.2 -12.5 50.6 48.3
129.4 105.5 78.4 76.7 109.6 103.6
132.5 97.8 52.6 74 93.4 99.2
66.3 23.2 -0.4 -7.1 32.4 32.5
51.1 38.5 25.4 25.8 38.9 41
23.8 6.7 -19.9 -14.2 4.1 3.9
-100.9 -98.8 -165.2 -139.6 -123.6 -104.5
-88.5 -117.2 -180.4 -166.3 -108.5 -97.6
-91 -99.1 -166.8 -143 -86.5 -71.6
43.2 35.7 12.5 20.5 24.8 27.2
78.6 70 42.1 50.7 66.4 65.1
56.4 38.9 5.9 16.4 63.3 63.2
48 39.1 -46.3 5.8 4.6 17.8
21.3 -30 -84.5 -74.9 -16.1 -32
108.3 75.7 19.5 40.7 84.9 87.3
34.2 2.9 -59.7 -40.3 16 23.8
92.4 85.6 53.9 75.2 80.5 85.2
45.1 37.4 17.4 25.7 39.3 40.1
-40.7 -37.6 -104.8 -61.2 -86.9 -61.5
-65.9 -71.5 -123.8 -102.2 -90.7 -74.1
-16.1 -27.9 -42.8 -51 -10.9 -13.4
31.6 21.5 -11.8 1.9 13.3 18.6
58.9 51.4 18.1 34.3 40.7 45.3
12 -9.8 -63.7 -43.8 -32.5 -33.2
64.2 45.8 16.2 16.9 75.7 72.4
133 117.1 75.2 89.1 99.7 100
154.4 131.1 88.3 103.8 118.7 115.5
127.4 107.9 85.3 91.7 118.7 119.3
32.5 26.3 -7.3 4.4 5.9 15.3
17.4 13.2 -40.1 -4.9 -21.3 -11.1
-8.4 1.7 -45.6 -22.8 -38 -25.6
-61.7 -75.6 -99.5 -110.8 -58.4 -55.1
-34.5 -39 -70 -67.6 -46.7 -44.8
13.2 19.1 -26 2.1 -12.1 0
0.3 -11.8 -72.1 -42.9 -9.2 -1.1
25.9 3.5 -50.1 -30.1 4.5 6.1
30.9 -12.3 -78.9 -54.1 -0.4 -1.7
119.1 96.3 72.6 73.7 102.6 93.4
128.1 109.5 53.8 76.7 105.9 111.7
113.4 80.3 57.7 58.4 80.6 77
22.1 -4.9 -24.7 -20.9 8.6 17
14.9 12.4 -6.9 -3.1 10.6 15
-72.1 -95.1 -166.3 -140.6 -115.6 -98.3
-12 -6.3 -51.3 -19.6 -49.1 -30.8
-5.2 -5.2 -23.1 -22.6 -9.7 -4
36 29.2 -4.5 10.3 7.3 8.4
24 11.1 -33.4 -17 18.1 19.1
5 -19.2 -60.7 -49.2 -8.7 -7.4
54.6 31.1 -20.6 -0.5 34 41.6
77 23.7 -19.7 -17.5 45.1 37.5
140.8 124.4 64.6 97 98.4 103.9
125.7 110.2 76.5 90.3 103.2 109.8
77.8 61.5 55.5 49.7 74.4 67.9
-63.1 -57.3 -133.9 -88.4 -80.6 -53.8
-51.3 -41.3 -109.8 -64.1 -69.3 -42.6
-34.3 -52.5 -80.2 -71.6 -46.9 -43.7
-45.6 -59.8 -103.2 -74.6 -77.3 -57.3
28.2 18.5 6.4 5.8 17.4 13.7
19.9 5.2 -56.3 -29.7 -10 -2.6
46.7 26.5 -15.7 -2.6 26.2 21.7
71 44.5 16.3 22.3 69.9 68.7
141.6 121.1 88.2 91.8 120.1 113.6
110.1 74.8 24.9 34.4 84.3 80.8
121.2 99.1 78.2 81.3 102 101.7
44.8 26.3 11.5 14.2 37.2 40.5
38.7 28.9 5.2 22.5 24 38.4
-21.1 -32.7 -51.3 -44.8 -26.6 -22.1
1.8 3.1 2.1 3.8 -1.1 3.9
-10 -14.2 -38 -27.6 -14 -9.2
10.4 7.8 -32.5 -23.7 -9.6 -0.8
28.1 5.2 -35.7 -22.4 23.8 17.7
21.8 -8.2 -19.9 -38.3 41 24.1
-8.9 -66.8 -81 -71.5 -4.9 -8.4
84.4 60.1 16.3 26.5 65.7 69.8
103.5 68.5 37.3 32 87.3 72.6
61.5 2.4 -51.5 -30.2 11.1 28
49 31.3 18.4 25.3 50 68.8
-1.7 -15.6 -55.4 -41.9 -13.8 -5.1
-14.8 -16.2 -59.8 -44.2 -36.1 -29.6
-30.9 -25 -92.2 -60 -55.4 -43.2
-18.7 -23.6 -80.7 -52.1 -44 -37.6
-57.8 -94.6 -133 -135.1 -70.9 -66.4
27.4 12.2 -17.6 4.7 27.2 36.2
59 40.7 11.4 29.1 63.1 71.6
51.8 14.9 -15.2 5.3 55.6 63.6
146.7 129.5 75.4 93.2 115.3 118.8
183.2 161.1 144.6 149.5 159.2 153.9
120.9 94.7 68.4 69.9 112.4 106
22.2 4.1 -30.9 -14.7 28.8 41.9
-15.4 -33.1 -85.2 -63.3 -38.3 -31.4
-39.4 -50.9 -77 -53.1 -37.9 -28.6
-35.4 -59.3 -101.7 -89.1 -67.1 -65.2
-13.2 -26.2 -104.8 -60.5 -66.3 -55.8
-41 -69.4 -89.6 -101.8 -34.9 -30.8
-20.6 -42.1 -75.3 -61.2 -15.1 -2.9
-14.1 -42.8 -89 -83.5 -17.5 -17.3
53.8 5.7 -27.6 -17.3 36.1 32.6
158.8 131.1 112.4 109.3 148.5 135.8
132.2 104.2 65.1 75 114.4 119.3
121.4 94.2 61 76.9 94.7 89.8
77.3 64.2 34.5 51.2 66.1 64.2
14 3.2 -53.9 -26.6 -17.4 -7.7
11 13.1 -15.7 -1.9 -2.5 4.2
-31.5 -39.7 -77.7 -62.5 -47.8 -40.3
9 9 -18.5 -2.4 -10.2 -7.6
-4.1 -17 -32 -38.7 -11.7 -16.9
47 33.1 7.7 11.9 29.8 30.1
61.4 52 -9 20.6 25.8 28.5
63.2 31 -3 6 62 66
142.4 117.7 86.8 91.8 129.8 137.1
172.7 145 129.4 120.8 151.6 145.6
90.5 53.5 51.7 37.2 95.4 92.7
34 14.4 0.3 -4.3 28.8 23.7
-1.2 -18.6 -76.1 -43.5 -18 -13.5
-63.9 -96.2 -157.1 -119 -92.1 -83.7
1.7 2.6 -28.7 -8.3 -25.8 -21.6
-47.4 -60.2 -75.8 -91.2 -43.5 -48.9
17.3 11 -14.4 4.5 4.1 12.4
26.8 16.1 -40.8 -14.3 -14.9 -4
79 72.3 12.1 44.7 66.2 75
117.3 102.8 53.8 73.2 93.8 92.2
130.4 117 41 75.8 103.4 111.2
163.9 139.2 71.7 98.6 127.1 129.7
110.2 73.1 69.5 49.1 88.1 71.7
-12.1 -35.5 -63.4 -58.4 -13.5 -1.4
20.2 6.7 -23.6 -13.4 4.8 11.5
16.9 17.2 -12.3 10.1 7.3 12.9
-1.3 0.1 -18.2 -10.9 -11.1 -7.7
7.9 9 -22.6 -5.4 -11.7 -9.4
-7.7 -27.8 -97.9 -67.5 -42.6 -37.7
-1.6 -8.7 -92.3 -41.8 -23.4 0
-30.6 -66.7 -114.5 -96.7 -14.6 2.3
46.2 22.4 -48.3 -26.6 5.6 8.7
117.1 101.6 40.4 63.1 90.8 91.5
165.5 143.3 122.9 129.6 136.9 133.3
84.4 53.7 33.1 18.5 63 64.2
85.4 69.4 51.2 60.5 70.3 74.9
16.9 7.4 -14.5 -5.6 10.7 22.9
26.4 26.6 15.4 21.4 16.9 17.7
-16.2 -25.6 -30 -19.7 -23.3 -16
-5.2 -13.8 -54.2 -38.6 -35.5 -32.6
22.2 12.6 3.3 3.2 26.6 28.7
32.3 31.6 -36.8 -11.1 0 2.1
45.6 32.3 -18.5 -2.3 27.9 29.1
-72.3 -113.1 -186.4 -163.1 -61.2 -43.7
87.9 66.6 21.5 28.4 69.2 53.8
132.2 94 70.2 82.7 119.7 118.4
130.2 113.5 83.8 87.5 99.8 96.6
76.1 63.4 41 51.7 63.3 62.8
-9.6 -15.3 -66.6 -28.6 -25.4 -3.8
-42.7 -47.1 -104.7 -72.2 -67 -53
-33.2 -56.2 -111.3 -83.2 -68.4 -61.4
-35.4 -45.2 -97.5 -79.4 -69.1 -60.4
14 10.4 -24.4 -17.2 0.8 -0.8
44.9 27.5 -7.7 3.5 33.3 31.5
-18.6 -64.2 -131 -112.2 -55.2 -55.5
100 81.7 37.2 55.3 78.2 76.8
145.3 117.8 78.7 89 113.3 110
176.7 150.2 115.7 124.9 140.3 137
145.5 121.1 84.3 100.9 120.2 118.3
60.5 50.2 30.3 37.4 59.4 60.3
41.1 30.9 -3 15.9 27.3 27.1
-4.1 6.3 -70.3 -29.5 -46.2 -36.7
-23.4 -18.1 -63.1 -31.9 -42.4 -25
-46.6 -58.2 -109.2 -85 -73.9 -64.5
-19.9 -33.6 -47.1 -66.3 -18.5 -24.3
14.7 -12.3 -43.8 -43.6 -6.7 0.3
63.1 48 11.8 25.5 59.2 64.5
42.7 -0.2 -18.9 -35.2 39.9 23.2
84.8 59 -0.8 21.5 51.1 44.7
180 161.3 115.3 135.2 151.3 149.9
138.1 115.1 111.2 102.9 129.1 119.9
68.2 47.5 47.6 37.1 70.3 66
-6.5 -31.6 -77.8 -56.7 -35.2 -25.9
-4.6 -3.4 -50.5 -22 -44.1 -36.9
5.9 9.1 -11.4 -3 -8.2 -1.6
-2.5 -10 -39.2 -38.2 -11.3 -20.2
13.1 10.8 -46.2 -25.3 -11.2 -2.9
-28.5 -69.4 -115.2 -101.1 -24.8 -32.5
72.1 50 15.7 26.1 76 74.1
98.1 76.2 49.3 60.1 98.2 103.7
104.3 84.3 28.1 38.2 87.9 77.4
122.1 66.5 70.2 65.1 104.1 94.9
155.3 132.9 109.4 110.3 119 117
87.5 74.9 45 62 67.1 80.4
46.8 32.1 8 9.3 40 29.6
-61.6 -93.7 -89.4 -106.7 -42.9 -45.3
7.1 10.9 -25 -8 -27.9 -12.4
12.6 10.9 -13.4 -0.2 -8.5 0.6
31 26 19.9 19.1 17.5 22.1
49.7 34.5 3.6 12.5 45.6 42.4
-1 -14 -79.1 -55 -28.7 -27.2
101 80.1 26.9 36.7 77.1 72.1
124.1 100.2 52.1 64 92.8 102.2
153.8 125.1 103.9 108.4 130.2 126.6
142.3 116.9 81.5 85.1 116.8 110.8
65.6 47 28.5 30.3 52.1 54.3
-41.9 -50.4 -115.2 -95.8 -52.3 -44.1
-25.5 -22.6 -46 -29.6 -26.5 -11.7
0.9 2.3 -26.6 -11.8 -31.4 -18.8
-44.5 -36 -129.2 -88.4 -96.9 -72.9
-25.9 -31.9 -78.6 -55.4 -40.4 -27.2
-36.7 -55.2 -120.9 -101.7 -36.2 -40.9
7.6 -23.9 -58.6 -46.1 6.7 8.4
37.8 12.7 -44.9 -19.5 7.3 15.3
63.6 40.5 -16.3 6.7 29 38.7
147.2 108.3 65.3 65.5 118.2 105.3
128.7 96.1 82 78.9 109.5 111.2
86.1 71.1 45.1 48.5 59.2 59.9
37.8 34.5 6.7 15.6 22.1 31.7
-81.1 -93.1 -164.8 -132.1 -100.3 -83.7
2.2 2.9 -13.4 -8.5 -10.8 -3.1
-25.9 -30.2 -86 -55.2 -65.2 -40.6
6.6 -1.4 -42.8 -25.7 -22.2 -9.3
39 32.6 -17.7 4.9 14.3 28.1
49.9 22.1 -21 -10.8 33.6 29.4
59.6 36.5 6.7 10.4 48.3 43.8
128.9 102.4 66.2 69.1 102.7 103.3
108 61.8 11.5 19.8 77.2 62.8
82.9 32.9 20.2 11.6 61.6 53.4
28.2 -16.3 -18.4 -35.7 39.3 14.9
59.1 57 31.9 40.2 46.5 50.6
-97.5 -112.7 -182.1 -185.4 -101.5 -110
-10.2 -11.4 -46.2 -28 -30.7 -14.3
-12.2 -10.3 -56 -29.7 -38.9 -22.8
-9 -11.6 -77.4 -37.1 -43.4 -31.5
-5.3 -39.3 -110.3 -75 -37.6 -25.3
77.4 56.3 15.6 29.8 60.7 64.3
126.5 105.8 76.8 81.6 106.9 102.2
95.7 65.3 3.4 27.6 80 83.9
138.9 113.1 50.4 76.5 119.9 124.2
88.4 67 22.6 33.9 60 63.6
73.1 59.4 51.7 49.9 69.5 65.5
31.3 24.8 7.7 11.9 26.1 28.3
-31.5 -35.3 -68.6 -57.3 -36.6 -27.4
23.1 20.2 12.5 15.6 16.3 20
-31.4 -40.3 -99.3 -77.8 -54.8 -49.2
-52.1 -64.2 -150.3 -123 -86 -72.8
0.3 -11.6 -67.7 -49 -26.5 -12.7
47 28.1 -11 1.1 39.7 38
63.3 39.4 -7.6 5.5 47.2 39.5
135.3 112.7 72 75.5 100 90.4
151.5 126.8 89.2 98.5 124.5 126.5
158.5 135.7 117.9 118.9 139.2 139.2
91.9 77.3 57.7 64.1 74.7 80.2
29.5 16.8 1.7 7 26.5 23
-61.3 -61.8 -111.2 -91.4 -64.3 -52.9
17.8 14.5 9 12.8 12.8 15.1
-20.8 -25.7 -49.4 -45.7 -39 -31.7
-4.2 -14.7 -61.6 -48.1 -18 -16.4
8.9 -10.6 -71.4 -55.4 -18.3 -13.2
102.8 82.5 60.1 68.1 92.9 89.3
79.4 50.7 2.7 18.2 65 59.5
82.8 50.1 -22.3 -11.5 56.3 51.2
142.4 114.5 71.8 81.6 111.6 110.9
116.4 90.5 63.3 66.9 99.2 100
63.9 47.1 29.7 32.7 41.1 46.4
47.1 36.3 21.9 25.5 41.7 42.1
1.3 2.4 -15.8 -9.6 -13 -3.3
-28.9 -32.4 -74.3 -59.4 -61.6 -47
-59.2 -63.2 -134.1 -109.2 -96 -80.9
-24.8 -30.3 -71.3 -57 -43.2 -29.9
-4 -19.8 -79.5 -60.7 -19.5 -16.1
-24 -52.1 -123.5 -101.9 -38.5 -35.2
9.1 -24.7 -78.1 -65.2 9 2.8
90 62.5 12.8 22.7 85.7 79.3
141.2 110.6 57.3 71 112 113.4
123.1 92.6 70.8 71.1 110.8 108.7
81 63.8 60.9 66.3 90.6 87.5
-36.1 -51.2 -88.6 -85.9 -44.4 -36.7
-31.3 -40.6 -71 -60.6 -34.3 -32.5
-8.3 -13 -42.7 -33.2 -25.1 -26.3
-27 -28.3 -68 -55 -50.9 -41.7
35.4 26.4 2.7 10.5 22.3 25.4
67.7 58.4 30.4 39.6 57.6 58.9
-0.4 -25.1 -68.8 -54.9 3.1 0.8
64.7 36.7 -12 -1.3 40.5 37.6
133.5 104.6 56.4 62 102.2 90.7
144.8 112.6 67.7 78.1 127.9 128.4
128 99.6 72.9 76 111.5 111.2
66.9 48.7 29.5 35.5 56.7 60.9
-3.2 -18.5 -54.2 -47.1 -19 -20.6
-84.4 -88.6 -161 -135.9 -117.2 -101
-27 -35 -77.1 -60.5 -48.3 -40.9
-40.3 -56.6 -99.6 -90.3 -63.7 -60.2
44.5 31.4 6.9 16.1 28.3 26.4
-23.9 -43.5 -119.4 -91 -44 -37.1
17 -12.5 -55.3 -38.5 9.8 18.7
86.5 57.2 4.2 13.9 66.3 60.7
82.2 50.2 -7.3 2 49.2 45.2
188.3 168.5 144.7 151.2 172.1 170.7
120.2 89.3 57.6 61 94 95.6
62.4 46.3 16.8 19.9 46.8 44.8
-8.2 -16 -59.4 -45.7 -30.8 -23.1
-4.6 -10 -28.5 -21 -1.5 -1.1
-54.6 -60 -124.2 -101 -100.1 -82.6
