"indore" "kimberley" "albuquerque" "valencia" "viena" "abashiri" "tampa" "sao_paulo" "lahore" "punta_arenas" "helsinki"
-25.73 -84.7 11.97 -11.78 127.34 26.1 90.04 104.04 3.61 -33.61 56
-52.71 -80.69 2.12 -8.08 26.36 19.4 79.78 73.4 -9.28 -6.71 82
-119.63 16.37 -20.23 24.74 119.28 17.7 146.62 76.11 -71.45 -50.41 45
-199.76 -21.87 -21.63 -16.15 49.37 11.4 28.46 43.76 -98.52 -15 44.08
-249.2 -46.18 -50.39 -30.37 18.63 30.05 -40.48 93.72 -230.38 -8.47 3.08
-210.47 -5.66 -102.92 -47.62 5.2 54.85 77.86 -1.62 -354.94 -2.27 -19.67
99.45 20.12 -111.96 -70.27 -12.05 -7.56 -28.86 -36.04 -147.41 19.08 22.55
253.59 -25.52 -96.52 -86.71 -27.97 54.36 33.14 10.85 -82.47 53.33 24.71
117.42 -76.05 -21.26 2.73 -43.58 13.57 -11.49 -12.62 20.44 -11.21 3.32
-79.02 -47.39 -35.87 42.39 46.83 3.88 24.04 14.45 -87.07 -35.08 89.97
-64.47 -97.05 6.15 1.57 35.08 25.18 -26.5 105.59 -51.84 -13.98 39.74
-52.85 -19.54 -1.2 -15.76 54.99 29.1 58.21 145.53 12.4 -5.34 60
-6.83 -104.52 14.58 31.9 23 33.4 3.98 172.99 31.49 -14.31 46
-35.56 -44.82 8.57 86.3 31 28.3 22.67 148.35 -7.81 -68.27 51
-101.47 101.62 -12.85 -10.84 50.37 47.7 54.88 125.26 -25.53 -59.93 29
-178.67 -28.12 -25.97 -24.23 32.41 3.06 -7.32 83.29 -106.74 -50.17 31.84
-243.17 -30.15 -50.68 -37.52 -33.03 7.2 14.24 10.47 -182.75 -32.65 -35.73
-200.79 -19.83 -82.69 -71.22 -43.21 63.19 64.33 -23.34 -312.46 0.31 -21.15
48.49 -16.16 -71.47 -37.39 -40.58 -29.5 32.27 11.96 7.75 8.31 -44.56
139.98 -36.22 -56.24 -92.89 -26.53 22.45 74.52 18.6 -170.8 -5.97 -19.84
-79.28 3.13 -41.43 3.24 50.25 136.65 3.49 -19.17 -195.41 -4.64 -29.61
-119.05 -42.84 6.02 80.52 3.49 55.51 -75.28 -44.04 -131.26 -45.17 14.13
-62.61 -93.64 7.4 35.44 27.87 47.68 -18.18 34.59 -42.89 -34.01 58
-42.17 -10.19 -4.14 5.39 26.47 82.6 8.52 225.87 -14.85 -27.52 73
-36.74 -14.29 4.16 -8.43 45.56 24.1 -12.48 99.54 -10.4 -16.14 63
-61.64 -60.13 -8.98 6.89 50 17.8 128.05 159.83 -24.66 -69.38 16
-132 -51.45 -11.87 20.97 54.76 21.4 1.11 42.16 -45.98 -50.17 64
-203.02 -7.3 -46.8 0.76 -2.73 27.78 -36.99 -20.78 -133.87 -51.89 2
-257.85 -40.65 -59.54 35.15 33.56 44.43 -9.23 -56.84 -246.8 -11.02 59.86
-172.88 9.38 -102.02 -45.78 35.44 37.02 36.38 4.13 -265.6 -7.34 64.34
101.15 -19.42 -71.37 -83.95 40.03 50.19 57.28 -54.4 -202.46 23.4 42.67
63.01 -30.47 -79.01 -61.89 -10.27 8.11 46.95 57.12 -150.62 -12.27 25.88
63.64 100.45 -56.5 -35.45 -1.24 -27.52 133.35 -8.4 -122.35 -9.81 55.8
-54.72 -40.65 -41.49 -14.83 12.36 21.37 -11.11 8.9 -106.17 -29.89 40.93
-14.93 -36.05 10.98 76.56 -0.18 12.74 -39.69 211.44 -42.26 -22.57 44
-0.42 -94.15 20.06 6.66 93 74.9 3.16 145.48 -10.45 -82.83 49
-34.12 -105.07 -0.83 43.22 42 69.7 133.94 57.97 4.08 -49.28 60
-37.9 -59.52 9.15 -20.18 16.71 14.1 111.95 15.06 -16.72 -48.9 42
-78.36 -65.37 -8.83 -2.39 15.8 20.9 51.92 -5.11 -23.03 39.8 30.12
-158.39 -13.89 -40.23 -27.8 75.22 11.9 -37.13 29.16 -96.94 -41.51 65.69
-222.09 -7.15 -53.7 -29.29 -29.11 91.5 -42.38 49.44 -184.69 -0.15 18.38
-83.52 -14.22 -23.76 -58.07 30.67 -6.52 16.29 -22.63 -347 8.85 -10.92
325.65 -18.42 -104.79 -84.78 77.49 79.43 102.99 -24.48 -138.38 6.62 22.14
105.89 -34.76 -110.18 -86.03 49.22 14.14 4.91 -7.59 -87.9 -11.57 52.12
209.77 -60 -25.1 2.83 22.45 -0.44 152.47 6.87 -148.44 2.59 32.62
-81.47 -49.13 -43.98 -23.53 23.46 -15.61 -50.07 73.56 -119.29 -26.95 101.85
-38 -63.47 -17.52 25.09 94.65 68.09 37.77 104.3 -38.7 -13.2 77.9
-27.79 -94.59 -0.66 55.7 56.4 37.8 20.46 226.58 -3.17 -55.09 19
-38.02 -7.89 4.88 68.12 5 53.7 150.35 137.43 28.64 -26.08 42
-15.04 41.13 -11.67 -7.65 47.11 28.3 43.73 47.92 -19.37 -71.2 80
-80.24 -18.78 -28.65 24.18 34.97 133.3 -41.44 -28.26 95.46 -24.24 31
-202.14 -51.25 -44.52 -18.2 42.58 1.75 -48.61 -46.53 -127.46 -23.5 65.86
-255.07 -29.97 -58.15 -53.97 -7.13 21.56 2.97 57.5 -255.35 -6.9 41.56
-86.76 -9.47 -78.78 -35.73 -29.55 29.24 47.36 22.08 -316.98 33.7 12.83
42.47 -22.13 -83.03 -97.54 -62.95 56.32 -8.44 -17.12 -273.94 27.4 -20.58
-69.4 -29.2 -49.9 -103.59 -16.85 -29.66 104.34 15.68 -190.36 -1.37 31.79
38.99 -54.68 -43.46 124.61 58.88 42.3 -86.18 101.77 -186.6 14.74 -9.6
-106.94 -50 -28.23 -45.76 79.22 72.04 -21.61 69.64 -117.85 -35.56 38.15
-53.51 -77.95 -11.42 63.67 44.78 77.24 20.83 93.24 -38.05 -29.9 60
-36.14 -95.97 14.17 0.36 55.74 50.7 6.71 143.94 -15.41 -60.13 60
-29.06 -81.12 24.36 36.49 14 14.8 -5.45 246.63 41.99 -72 63
-21.65 -48.5 -1.88 -14.1 18.8 16 -4.55 148.08 24.42 -63.05 27
-76.43 -28.44 -22.35 -36.96 51.57 17.3 -9.54 107.49 -17.64 -58.89 52
-143.79 -56.17 77.13 -34.88 53.86 59.71 -21.21 -21.51 -108.11 -25.71 31.27
-291.33 -22.14 -54.24 -24.15 0.97 12.42 -77.22 33.53 -286.79 -19.79 -19.14
-158.21 -15.68 -59.13 -73.15 -34.1 59.6 93.72 7.53 -342.51 81.16 -51.62
333.18 -25.97 -93.51 -87.28 2.31 -43.98 57.85 94.6 -193.88 31 8.54
33.72 -27.98 -88.09 -91.4 -11.61 -52.09 243.28 -13.72 -309.58 -0.84 80.61
-26.22 -53.46 -64.67 3.89 -28.97 -8.28 13.18 17.28 33.97 -14.92 11.58
-101.34 -90.45 -39.39 -19.06 33.53 -2.21 -62.98 -1.01 -98.35 -28.26 103.98
-65.44 -50.71 105.45 30.97 122.88 54.97 -48.11 58.21 -45.84 -35.28 51.49
-33.49 -74.49 27.7 59.95 23.96 70.8 102.96 189.99 2.12 -60.96 18
-24.72 -53.92 0.1 -14.04 15.12 55.4 70.44 104.45 -6.44 -44.65 62
-31.19 -26.73 -9.79 -16.39 39.46 32.6 12.09 229.55 63.81 -52.49 53
-91.73 -7.29 -20.79 70.17 57.2 58 28.89 205.82 -3.4 -9.73 49
-186.92 -45.66 -11.31 72.57 -10.72 139.51 -31.28 23.6 -107.83 -4.24 44.67
-280.46 -21.15 -61.67 14.72 5.59 11.11 22.57 -63.97 -286.91 20.02 -13.3
69.78 -21.49 -94.62 -71.98 55.43 7 29.66 20.62 -279.31 14.11 -10.12
266.89 -18.84 -50.89 -64.35 32.63 -32.79 222.85 -24.02 -234.98 7.62 -17.36
189.56 -23.68 -75.04 -95.83 -25.45 -31.18 134.47 -47.36 -163.69 39.37 92.28
166.06 -61.2 -28.72 186.66 75.1 -6.36 -7.14 38.88 57.82 -23.07 20.03
-87.54 -20.18 -24.89 -22.91 4.46 37.68 -66.18 -10.19 -116.25 -17.21 3.79
-62.53 -20.99 -8.21 -19.89 37.2 25.66 -41.46 70.72 -47.64 -30.47 76.08
-35.61 -88.1 21.69 44.6 49 62.4 -28.59 121.9 -11.91 -53.58 72
-35.7 -19.56 23.35 11.87 41 50.4 -33.48 31.72 2.74 -39.03 51
-44.1 28.09 -15.34 29.26 9 50.5 -11.34 303 51.46 -67.47 36
-86.72 -25.69 -25.11 -22.27 29.27 25.2 -76.23 -9.44 -5.93 -42.12 36
-145.03 36.42 5.1 -12.25 78.89 21.03 -44.45 12.34 -63.71 5.2 25.05
-218.08 -3.74 -16.77 -21.24 -7.68 61.2 -37.29 87.45 -207.87 63.05 32.89
-138.17 -20.43 -75.87 -69.12 -12.22 14.7 61.46 34.69 -240.96 25.04 38.55
226.03 -20.61 -83.7 -84.26 101.92 0.32 83.93 48.36 -256.55 -12.88 -9.05
111.58 -35.75 -36.91 -92.48 -17.27 32.08 -45.81 28.06 -53.41 20.99 48.28
-76.74 -39 -61.36 81.15 -30.68 85.26 85.85 35.44 -237.69 -1.05 41.08
-121.92 -43.62 -9.21 -15.84 3.84 23.65 -53.15 94.06 -120.86 -34.97 -6.18
-60.05 -28.9 -4.68 38.44 46.74 34.85 -3.88 159.13 -46.66 -43.16 25.83
-27.08 -38.87 -1.82 -18.94 71.48 107.7 155.91 106.41 -10.99 1.61 14
-22.98 -94.92 9.59 96.53 30 15.8 27.57 53.51 31.7 -65.47 32
-43.05 -115.23 2.49 -3.44 30.75 5.2 4.4 122.26 -21.52 -81.55 50
-77.27 0.2 -21.76 24.03 12.28 276 -64.05 8.44 -49.9 0.34 39
-200.89 -33.94 16.72 -15.75 32.57 7.55 -50 3.06 -123.33 11.14 27.12
-244.54 -36.79 -49.12 -29.94 0.85 10.28 -61.48 38.87 -241.86 -0.05 1.46
-79.6 -8.5 -86.55 -46.49 -28.28 -9.69 34.01 -41.05 -288.09 44.88 -2.15
234.52 -3.52 -64.16 -86.49 20.03 46.2 -71.46 -46.29 -50.9 11.12 -17.63
39.77 -25.96 -54.33 -64.67 14.13 -55.72 53 -8.52 352.27 11.2 -24.2
-96.06 -41.21 -62.32 -67.33 -13.6 -29.82 21.1 -3.68 -118.58 5.71 19.63
-103.6 -75.3 -20.94 80.88 -25.18 14.57 -44.56 87.88 -95.97 -17.01 44.32
-59.89 -81.73 -5.46 93.53 23.57 51.23 -17.26 89.38 -36.54 -53.94 30
-29.49 -65.08 1.89 14.78 14 61.8 -32.11 137.08 -4.34 -31.85 27
-37.26 -70.04 -2.25 -9.83 22 39.5 1.15 151.34 11.55 -81.16 39
-50.64 32.22 -1.46 36.46 70 28.2 -5.96 160.89 2.27 -51.63 16
-114.89 27.13 -8.86 -23.76 47.07 27.8 -22.41 129.2 -47.7 -12.76 65
-147.61 -21.09 -29.03 -8.4 13.23 34.95 -48.83 14.01 -45.22 38.84 46.63
-248.05 28.86 -44.86 16.51 69.77 140.13 -33.54 -6.69 -215.94 41.97 16.99
-115.79 -27.32 -85.08 -24.99 -12.38 17 151.52 -8.67 -196.96 44.73 -21.33
60.59 -22.55 -86.62 -80.77 7.91 5.98 134.37 -46.18 24.07 10.95 13.2
93.08 -34.89 -61.97 -95.27 2.69 -5.51 191.78 40.93 -119.45 7.03 8.6
36.61 -49.93 -63.92 -49.5 9.91 102.91 -68.99 21.67 10.64 4.32 -2.04
-91.62 -50.63 -50.01 26.75 -11.3 74.26 -68.51 120.31 -103.43 -29.89 26.3
-58.12 -108.01 -22.07 39.04 14.81 44.71 -40.31 23.87 -50.66 -51.7 106
18.69 -76.68 4.8 10.44 51.77 48.1 5.89 73.52 54.09 -60.14 84
-35.32 -58.1 2.18 -10.49 38.58 14.3 -2.61 97.25 29.34 -25.29 59
-49.07 -71.66 6.03 -29.63 39.02 53.5 49.68 123.94 -15.15 -79.22 80
-101.08 7.91 -29.86 -6.82 23.62 44.2 -33.76 87.31 -42 -29.05 18.15
-175.45 -60.61 -36.06 -29.33 20.47 6.5 -28.84 -35.06 -74.16 -30.37 -1.74
-244.54 -37.49 -54.16 -20.99 114.64 -16.75 -54.8 2.47 -247.81 36.94 15.64
76.92 -11.1 -76.36 -54.18 32.11 1.95 110.26 -36.7 -207.22 13.64 -17.09
67.41 -7.35 -65.29 -86.75 20.39 -8.73 116.71 69.01 -152.3 -7.05 47.84
97.92 -33.24 -64.61 -76.54 40.52 30.06 27.65 -52.62 -87.32 13.86 -11.62
79.92 7.63 -79.94 33.82 77.06 64.91 -111.74 66.06 -206.34 -2.79 9.63
-14.27 -56.92 -31.03 -19.87 -8.34 -30.94 46.22 30.76 -111.17 -42.98 12.05
-17.14 -60.18 1.58 -32.63 87.81 34.4 11.57 63.59 -36.1 -56.78 132.02
-36.81 -118.25 3.86 -14.82 29.12 32.4 9.95 35.3 -5.66 -84.3 108
-48.36 -92.06 1.84 18.82 26 141.2 -19.07 87.37 52.94 -33.12 42
-46.7 -122.66 36.59 11.11 33.48 25.5 -40.97 123.19 -14.76 -65.5 79
-76.74 -30.95 -16.02 62.03 36.23 71.8 10.6 89.42 68.41 -16.74 17
-171.61 -49.09 -30.91 -15.23 10.52 22.89 -65.64 -25.97 -103.15 46.59 31.56
-277.26 27.1 -53.63 58.69 118.75 -12.93 -17.58 -2.5 -235.61 19.97 -3.18
-64.58 5.2 -55.06 -10.17 -28.54 17.68 -21.16 35.54 -253.34 3.06 -44.25
-58.4 9.09 -42.19 -97.01 -41.74 80.32 26.32 63.18 -293.89 28.9 -21.2
-8.36 -24 -80.9 -103.82 -5.41 95.44 35.48 103.12 -221.03 14.69 17.04
71.08 -58.61 -42.76 -66.61 -2.17 6.65 38.82 33.16 -208.93 -24.84 21.17
-112.24 -61.39 49.82 1.57 20.49 60.4 27.93 133.34 -119 -53.61 53.37
-29.51 -64.58 1.76 -18.54 7.49 68.48 42.9 81.05 -9.63 -36.03 86.05
-50.22 -156.37 5.1 -24.42 56.51 75 16.68 268.08 -10.35 -40.25 48
-42.07 -140.98 0.38 -8.18 27 174.9 130.98 78.13 45.69 -41.17 37
-59.6 -14.86 1.85 -24.59 41.51 33.1 23.75 108.37 -24.85 -36.03 21
-97.35 -41.55 3.15 -37.6 28.48 22.6 56.96 63.34 -38.22 -41.69 48.91
-196.26 -6.88 -20.71 48.11 26.56 65.99 -56.39 -9.05 -85.47 8.23 21.08
-271.85 9.94 -49.45 -50.98 72.67 67 -12.91 3.07 -253.87 9.56 38.08
-181.32 -7.35 -62.32 -64.05 26.81 17.42 218.11 -7.26 -327.43 -8.53 26.04
212.41 -10.56 -36 -84.6 61.9 8.89 31.35 -28.88 -225.92 41.14 -62.4
89.28 -36.86 -73.7 -91 -7.2 44.48 -20.27 -23.58 -3.99 -13.81 24.15
-66.63 -44.87 -49.68 102.25 59.82 103.92 345.59 26.88 -179.84 2.22 64.61
-96.68 -87.47 -25.78 -11.82 20.52 -3.97 -67.92 94.08 -110.21 -34.11 91.39
41.63 -119.91 -7.14 -8.47 27.22 36.43 18.51 98.88 -28.24 4.34 97.21
-32.4 -92.17 11.9 12.96 11.46 52.4 -16.45 55.29 -7.56 -48.12 80.94
-31.78 -105.34 19.8 -5.64 30 58.2 -29.69 138.45 -11.69 -88.22 13
-51.98 -30.11 8.44 19.72 8.06 33.1 59.58 -36.23 19.32 -9.77 43
-80.82 -3.13 -5.2 -18.54 -0.86 22.6 12.51 37.72 7.51 -25.6 71
-210.92 -19.19 -19 -12.87 5.62 5.18 -29.81 -33.94 -141.15 -3.83 16.82
-196.32 -36.36 -53.74 -17.6 5.82 19.54 -57.71 -29.53 -131.22 43.25 -8.41
30.43 -14.91 -51.84 -68.59 -14.83 13.4 49.96 73.41 -206 18.01 -14.12
286.23 -19.3 -83.83 -81.64 97.57 38.26 39.78 -43.71 -20.64 102.52 -37.37
186.68 -43.68 -78.62 -85.42 21.73 15.44 150.21 -24.43 6.07 23.41 3.63
-86.21 -39.52 -45.33 66.02 6.1 -2.39 -60.95 -6.39 -173.34 -15.82 -27.2
-118.46 -66.34 -24.49 -32.01 -4.94 29.69 -36.36 -34.76 -104.97 -31.48 8.84
-67.01 -89.83 -0.31 -38.84 72.52 48.51 -47.4 -4.16 -34.46 -46.08 73.7
-35.82 -143.37 26.9 -12.05 67.1 42.3 71.66 -18.45 1.96 -43.08 59
-49.69 -140 -3.69 -4.25 19 61.8 80.61 43.82 14.17 -41.81 34
-48.24 -87.63 5.58 -18.79 5 10.4 58.17 82.29 25.89 -43.32 21
-91.03 -62.67 -4.91 -33.78 28.31 54.7 -2.89 58 -31.87 -45.19 62
-178.76 -23.54 -10.69 26.23 -5.81 85.15 -12.05 -65.11 -90.38 9.53 3.11
-259.89 -7.1 -26.6 -10.28 33.34 -20.38 -82.65 -45.51 -214.65 22.25 36.87
-13.62 -4.53 -81.94 -40.15 -2.05 8.98 -18.47 10.36 -282.32 80.8 -32.2
33.31 -19.04 -41.35 -38.18 67.91 82.47 20.56 -50.83 60.08 79.86 -70.85
54.25 -22.9 -40.39 -52.48 -25.4 93.04 -4.24 -25.57 -145.79 2.32 -31.9
35.26 -52.45 -65.52 -55.26 29.26 149.02 42.13 -35.2 -62.54 0.28 52.58
-86.21 -50.16 10.23 -21.49 6.65 20.24 23.9 -34.35 -31.66 -30.63 8.84
-54.18 -36.28 -16.83 90.96 16.89 70.27 3 115.98 -30.04 -35.8 41.06
-36.63 -16.04 61.69 -8.69 40.68 48 94.05 138.47 7.84 -10.86 115.36
-35.22 -128.16 17.3 -18.92 85.78 76.2 99.17 52.9 -2.59 -77.6 56
-31.28 -35.1 8.42 -10.67 27.34 121.6 91.09 -39.31 44.46 -61.27 31
-88.34 -111.5 0.39 17.04 70.73 180 12.44 -24.67 -24.16 -43.03 32
-163.76 -48.42 16.49 54.06 34.48 30.36 -29.39 -46.04 -129.3 4.94 31.62
-285.45 -16.95 -35.31 63.09 -10.27 40.61 55.15 -41.29 -345.6 90.37 26.73
-192.59 -12.39 -76.67 -55.55 43.79 -8.78 -43.46 1.25 -296.09 16.38 -4.44
29.09 5.07 -22.86 -56.99 34.4 48.9 -21.86 -20.31 -324.41 25.54 7.22
76.96 -40.3 -68.32 -91.75 23.71 -30.52 75.42 -2.65 -295.09 1.72 -20.38
17.61 -47.48 -37.3 -33.51 30.09 -27.63 -90.53 -18.97 -154.09 -34.47 76.77
-44.44 -47.36 -34.75 -9.89 64.42 107.08 -71.9 55.65 -79.59 -44.79 35.16
-66.57 -61.46 -6.33 72.74 42.77 34.86 12.81 152.14 -38.85 -18.75 95
-25.61 -100.87 2.03 -18.45 34.6 47.3 37.5 67.69 -7.33 -28.51 87
-38.89 -109.94 59.09 -15.59 51.93 50.5 -44.87 118.62 -11.85 -68.59 65
-33.01 -145.81 -8.64 -6.63 47.05 103.8 -11.35 7.14 -4.87 -59.74 50
-131.29 -17.92 -9.79 8.54 9.49 59.8 -16.62 51.97 -72.76 40.12 48
-218.7 -55.28 -11.9 53.57 95.65 25.66 15.61 -26.61 -154.33 10.25 16.13
-266.01 -23.16 -50.12 -51.91 9.23 44.31 -62.21 71.25 -201.88 31.07 66.42
66.73 -19.6 -81.48 -62.32 28.46 -33.3 42.11 -46.21 -308.39 4.28 52.26
105.91 -19.59 -48.04 -85.62 96.57 -48.99 -17.86 -45.4 204.5 19.35 -41.94
249.28 -26.49 -32.47 -102.23 25.48 -53.38 78.92 -6.1 -65.84 -13.23 52.66
33.68 -59.26 -58.24 -44.73 39.98 24.48 33.08 -12.4 -163.48 -16.52 2.71
-43.54 -56.67 28.63 -52.8 -4 -10.24 -75.49 38.14 -97.11 -24.3 57.69
-26.43 -95.02 -13.01 22.48 7.44 34.92 58.57 140.23 -26.43 -29.28 70.88
-33.52 -113.78 -0.02 4.48 44.17 99.1 3.42 114.55 -10.9 -56.23 54
-37.56 -106.72 7.43 38.64 86 106.9 -31.12 158.75 -7.29 -54.79 45
-32.32 -33.47 12.39 4.57 21 80.9 6.55 91.84 -24.3 -39.64 41
-101.5 -26.25 -11.5 -18.22 38.28 65 -51.21 -22.31 -46.34 -31.6 22
-156.56 -48.73 -25 -6.59 82.36 35.56 -33.22 40.14 -49.89 -36.82 43.35
-196.58 -29.16 -26.29 -11.04 -35.19 -2.14 -62.75 31.14 -129.06 -24.6 -20.27
4.1 -9.52 -77.6 -31.62 -64.45 14.48 -25.28 -31.11 -210.01 21.89 -22.9
88.41 -14.31 -98.79 -89.71 -29.45 66.72 37.77 10.5 -165.06 3.44 -58
116.94 27.66 -76.71 -93.59 -31.02 -56.48 126.81 -12.06 71.39 65.81 -63.28
196.45 -55.69 -54.59 -79.28 -47.74 23.53 9.73 34.32 112.43 54.54 50.01
30.42 -88.44 -37.18 -37.41 51.07 89.85 20.08 24.03 -55.13 -51.9 57.56
-42.13 -41.69 -16 63.4 29.11 93.56 -31.57 6.09 -23.36 -54.68 80.62
-37.01 -63.34 -6.14 82.35 65 131 -7.56 73.57 -10.96 -35.39 65
-27 -65.09 7.4 -1.74 15.83 93.3 57.83 100.32 -5.56 -74.25 85
-59.61 -103.17 -5.19 -18.27 29.35 21.9 -56.99 -10.82 -15.89 -66.76 50
-96.77 -37.33 2.4 54.82 4.43 131.5 -53.16 41.5 16.22 -35.85 7
-161.93 -72.08 -23.05 38.66 14.91 37.61 -25.36 -20.31 -45.55 77.91 15.03
-262.13 -9.43 -37.91 -23.99 -29.59 11.76 -50.24 4.19 -317.19 -4.61 -29.89
-99.25 -22.05 -83.68 -4.76 83.98 -6.12 -112.09 8.58 -267.5 81.06 17.87
-62.18 35.05 -75.93 -59.48 24.72 48.54 -18.62 16.68 -319.09 18.86 3.93
72.65 -24.5 -55.2 -74.1 62.88 3.07 54.26 28.94 -156.88 86.37 -1.17
-85.09 -5.97 -70.16 -68.27 -12.62 48.29 11.34 30.17 -186.84 -3.23 116.19
-119.34 1.03 1.14 57.74 68.85 22.48 -41.75 87.12 -108.86 -40.79 15.21
-75.88 -81.28 -4.61 268.13 29.6 38.91 23.76 22.13 -34.62 -11.43 6.14
-35.08 -111.11 7.4 -18.32 90.82 20.8 19.41 24.01 -5.2 -72.61 99
33.36 -124.36 0 -6.13 40.12 34 34.66 120 47.27 -78.9 53
-51.38 -132.24 0.66 58.25 23.62 15.7 118.06 71.43 9.05 -60.29 26
-118.84 -29.35 16.72 -20.7 52.74 53.3 65.36 -59.13 -41.4 -70.9 60
-190.07 -54.36 9.84 -30.38 44.28 33.82 -61.23 -28.35 -106.93 -21.02 41.37
-229.1 -38.59 -30.3 -44.27 67 6.5 4.28 -29.86 -205.27 145.46 -32.36
88.34 -30.86 -62.96 -64.73 11.55 11.95 72.9 99.63 -419.13 -1.94 16.78
191.06 -24.45 4.45 -33.39 31.12 24.11 161.22 -54.5 -3.32 71.52 -36.14
363.45 -27.11 -75.26 -88.65 -19.8 94.57 -61.38 -5.73 -70.32 -18.13 18.13
-66.99 -52.88 -41.93 223.13 16.24 89.88 36.13 9.02 -180.38 -23.88 -4.47
-37.91 -94.07 2.63 15.38 27.42 7.36 -98.42 42.08 -104.67 -56.53 44.63
-55.77 -69.87 3.8 62.62 78.97 27 -10.94 68.37 -32.23 -58.43 73
-35.57 -129.37 16.09 9.66 53.26 99 -1.43 -12.18 7.13 -69.46 61
64.09 -69.8 -4.08 -18.49 68.76 59.8 28.53 102.8 21.59 -64.07 63
-48.09 58.61 -6.24 73.79 24.53 35.2 54.17 8.67 5.34 -73.19 58
-110.8 48.8 -3.91 -2.13 -5.69 43.9 -26.19 25.58 -27.67 26.21 19.54
-181.79 -64.65 -16.48 -34.93 8.17 64.95 126.56 -39.39 -111.33 -35.7 64.54
-173.09 -33.6 -37.21 -32.2 24.73 84.73 -63.88 -27.12 -141.45 10.96 15.32
-98.48 -16.27 -70.47 -27.33 48.3 34.63 -13.37 -29.81 -294.15 39.62 -14.4
394.54 -29.39 -102.43 -81.09 58.62 51.21 168.22 -7.21 -287.04 22.5 -10.66
34.66 -11.37 -53.16 -54.96 75.03 107.36 2.09 -13.05 -92.28 25.56 33.65
-21.28 -46.46 -67.37 -42.99 -9.1 89.55 31.76 84.07 -226.89 31.13 6.71
-122.58 -51.4 -7.67 -23.44 -21.01 61.43 -75.73 20.86 -130.42 -56.56 2.06
-71.71 -106.36 -10.62 249.81 1.56 38.23 28.08 43.09 -51.57 -43.59 22.19
-44.13 -111.74 5.01 30.5 113.07 62.6 8.03 15.64 -13.29 -64.24 19
-31.58 -123.59 -0.64 -17.59 54.62 37.3 -11.07 35.46 -11.12 -64.93 116.6
-50.71 -11.49 -5.36 73.8 85.75 44.5 -1.77 141.22 -21.88 -43.29 36.7
-138.21 -4.94 -3.65 -20.02 -17.89 67.5 -54.97 -24.55 -91.06 -72.93 36.38
-232.29 -28.77 -29.98 -9.66 120.08 43.99 -25.02 3.48 -221.67 -38.51 6.28
-282.77 -23.06 -54.64 28.44 -9.35 14.95 144.08 -47.4 -311.94 6.56 -13.07
-10.92 -18.57 -21.38 -61 3.68 16.3 9.61 16.11 -310.07 -1.36 23.34
67.87 -13.76 -28.68 -88.52 -30.78 5.44 146.64 -11.66 -34.88 2.49 3.8
49.34 -31.62 -28.57 -94.6 -41.68 24.05 -89.01 -14.29 -84.4 -10.97 -8.92
206.17 -60.74 -73.89 -80.69 -25.18 -20.76 -114.08 6.37 -152.63 -40.06 12.1
-75.85 -80.8 -38.7 -21.97 15.04 40.62 157.13 -12.69 -91.89 -65.91 62.39
-52.73 -22.53 -19.05 15.69 32.44 95.75 -30.1 -22.06 -41.13 -58.01 30.7
-48.38 -81.5 -0.72 2.34 43.25 71.7 -1.28 36.79 -8.74 -12.58 78.6
-23.83 -67.53 -0.01 -9.37 78 48.7 -2.93 303.75 3.19 -56.25 46.1
-70.85 -118.07 -4.77 -12.99 29 19.4 -39.94 -11.87 -12.26 -68.75 25
-119.74 -84.85 -1.11 -6.96 16.79 39.3 -32.41 104.65 -58.63 -66.17 40.7
-207.69 -90.63 -27.67 -37.91 -1.38 82.82 -93.3 -45.36 -141.98 -35.28 27.11
-273.36 -26.42 -56.71 -52.56 -23.9 20.58 -32.02 -46.43 -222.92 13.09 25.38
-67.29 -20.94 -90.79 118.99 -8.72 -11.27 -78.06 19.33 -250.5 -7.3 41.29
206.16 -27.03 -108.9 -57.31 -35.35 -25.56 36.38 -35.8 -249.67 31.39 1.36
-57.41 -36.65 -80.07 -82.31 -8.87 146.96 81.43 -33.89 -212.26 -11.44 58.85
197.57 -78.37 -82.87 -12.08 137.78 11.79 91.06 -7.08 74.34 -11.1 12.05
-99.55 -86.87 -39.96 -19.96 124.94 77.93 158.99 42.93 -95.51 -38.27 -0.85
10.35 -56.69 12.55 66.74 22.6 76.76 -40.99 89.73 -36.25 -50.24 62.02
-25.84 -105.53 -6.84 -13.43 46.46 66.1 39.74 6.3 19.2 -85.41 37.8
-40.58 -80.77 -3.51 -15.97 47.82 61.8 -14.98 91.12 34.65 -53.51 62.2
-42.25 -70.79 3.17 -36.82 31.72 14.6 -24.94 77.15 24.14 -63.43 18.5
-109.24 -82.8 12.03 -4.88 52.11 24.2 -36.68 106.34 -43.46 -45.4 13.7
-194.03 -23.12 -18.48 -12.72 33.18 4.85 -67.35 -16.62 -100.66 -11.79 12.39
-249.37 -16.67 -56.94 -27.84 -16.14 47.01 46.66 23.98 -171.7 -30.31 26.32
-266.27 -14.37 -94.78 -58.82 19.18 -5.69 35.41 5.32 -357.87 -10.99 20.23
322.54 -12.66 -102.04 -88.36 -23.5 54.19 -15.56 -21.58 -140.99 2.74 -29.17
128.09 -38.54 -34.76 -110.84 -23.13 -29.35 -6.83 -14.04 -18.56 0.54 66.2
44.43 -74.58 -56.74 -40.41 -1.91 223.25 36 154.19 -195.55 -36.39 50.5
-96.16 -113.16 -12.34 -33.2 41.3 53.14 24.81 26.04 -84.86 -56.04 90.41
-57.67 -102.94 14.48 -6.8 19.44 39.1 -31.64 -31.93 -33.71 -24.68 121.86
-49.41 -132.45 6.48 -25.63 85.96 42.6 -39.2 101.49 22.13 -76.56 60.6
-29.23 -84.07 -0.13 0.19 22 130.1 11.62 83.93 45.57 -79.41 58.3
-63.75 -76.64 -2.93 156.41 33 37.2 58.78 15.46 40.53 -60.04 49.5
-138.21 14.81 4.86 20.42 17.22 21.6 148.93 -53.75 -44.93 -51.41 56.1
-222.43 -50.12 -13.32 -27.13 43 11.16 -40.8 -51.57 -135 -4.83 30.87
-222.87 -33.84 -60.34 -61.89 28.84 57.3 37.44 30.24 -114.1 -11.03 31.8
-191.21 -18.67 -100.63 -57.92 47.16 -30.78 63.52 -20.91 -344.49 -11.43 17.77
129.51 -17.75 -40.25 -100.77 -27.95 -25.5 119.91 -46.73 -30.99 1.86 -39.2
214.92 -32.71 -83.26 -92.18 -11 -35.2 -74.9 -40.39 -183.13 -22.14 33.2
113.33 -57.39 -71.98 -24.3 -5.34 33.6 57.23 -41.61 -112.03 -45.11 53.48
-4.76 -70.53 -43.39 37.14 -9.34 53.05 51.88 -6.86 -107.52 -39.11 48.7
-43.91 -44.75 -24.13 -23.09 5.88 178.51 -47.44 45.64 -33.83 -51.3 22.69
-14.92 17.58 11.2 -6.07 12.42 27.8 -38.29 127.51 45.49 -42.96 33.11
-23.95 -95.15 13.2 -15.23 2.55 192.6 70.86 35.59 5.33 -66.95 37.28
-41.62 -55.26 -12.25 -10.2 11.36 51.5 -1.27 21.94 -8.17 -74.03 21.43
-112.68 56.9 -25.97 21.72 8.86 101.7 -46.39 112.18 -55.15 -55.73 31.7
-234.22 -7.98 -41.83 -33.77 27.86 104.07 -50.86 -30.15 -187.89 -21.82 21.7
-214.89 20.06 -69.09 -47.77 23.03 -9.78 66.69 -28.36 -218.66 -16.72 -10.13
-1.66 -14.08 -81.81 -24.41 71.21 -16.49 51.78 52.38 -132.04 27.24 29.34
-14.12 -19.19 -98.24 -83.79 19.53 -35.74 192.25 1.32 -56.11 1.54 8.18
-16.76 -40.24 -85.87 -90.39 21.46 33.68 179.85 -56.1 -100.21 15.52 66.38
-72.87 -48.24 -50.19 -67.36 -12.7 25.79 -101.1 25.8 -204.5 15.73 74.35
-139.74 -84.13 -13.79 -14.47 3.74 30.01 -37.15 30.88 -109.81 -11.41 49.24
-24.05 -96.21 -5.38 43.78 96.64 108.55 70.29 205.56 -10.56 -58.03 70.8
-37.5 -130.4 2.38 56.57 30.75 114.8 49.67 104.38 -10.8 -62.59 79.3
-42.68 -176.36 3.8 -14.58 27 70.1 89.11 254.76 4.98 -3.94 45.6
-75.1 -125.09 -11 -28.44 38.97 40.4 -18.09 -39.1 -24.16 -50.09 41.4
-109.42 15.83 10.19 -29.61 34.3 34.4 101.28 4.99 22.76 -3.34 43.4
-148.18 -55.84 -19.63 -24.05 -6.11 70.92 78.83 58.91 -77.12 -12.07 19.29
-260.94 -23.49 -8.47 -26.16 72.07 79.86 -56.25 -15.41 -164.32 -22.81 58.98
-276.63 -25.61 -84.62 -48.63 90.94 25.44 45.05 -18.34 -337.58 -0.73 -26.81
90.19 -14.82 -70.19 -74.42 39.64 69.74 -59.95 46.5 -228.6 -14.26 -43.02
189.91 -37.8 -90.42 -94.64 -32.59 1.01 28.8 46.86 111.74 1.92 10.01
-68.47 -46.49 -53.8 -67.39 -29.76 29.41 -9.72 2.71 -152.25 -21.5 -11.22
-114.7 -73.25 -19.39 -14.02 9.75 55.31 -60.64 45.24 -103.63 27.53 64.15
-51.77 -66.74 -18.66 65.13 -16.19 72.02 -7.75 -42.5 -26.85 -47.57 24.64
-33.73 -15.18 26.6 14.59 56.53 37 -37.09 17.41 1.13 -64.77 30.5
-29.69 -110.31 -7.27 4.63 59.61 37.9 -33.29 101.8 -7.56 -50.32 58.2
-40.9 -120.6 -5.2 25.55 4.78 31.7 37.64 142.33 2.44 -49.33 36.5
-91.57 -28.04 -12.34 -37.59 22.84 25 7.72 29.72 -43.52 -43.12 50.65
-184.44 -60.82 -37.4 -42.54 51.49 44.75 -69.94 -56.2 -116.11 -54.07 52.62
-240.65 -33.74 -71.98 -23.45 -15.6 49.25 -113.96 -46.52 -201.07 13 72.47
-110.99 -26.98 -48.64 -38.84 11.18 2.24 -31.15 21.59 -289.63 15.36 -5.99
75.66 -18.64 -62.83 -94.03 -2.16 -41.01 31.03 -37.18 -118.42 -14.96 -57.59
80.7 -33.81 -53.88 -95.39 -4.64 2.76 35.67 63.57 -139.4 35.34 26.9
-31.55 -86.05 -48.52 -73.01 -6.27 -12.8 -89.46 107.06 -195.48 51.21 32.22
-81 -45.72 -39.57 -12.37 -7.78 24.9 -3.96 61.3 -124.16 -61.28 107.57
96.48 -125.67 -24.75 38 22.2 14.41 -64.63 -33.94 -45.9 -56.7 72.2
-19.32 -32.16 3.92 33 30 76.3 6.43 25.97 26.46 -67.46 37.3
-32.55 -47.74 -4.53 -16.43 16.25 96.5 -6.58 71.53 -1.43 -52.61 40.2
-38.35 -92.73 -2.56 97.27 51.41 45.6 -16.02 73.23 -13.46 -82.02 56.6
-91.29 -27.71 -23.47 -6.47 22.21 42.7 8.09 96.99 -47.55 -52.95 14
-176.15 -44.68 -21.74 -19.45 7.03 20.18 38.19 -10.92 -123.24 -36.24 22.24
-261 -47.42 -21.05 -44.56 51.97 5.49 -32.61 -34.72 -311.37 -48.09 69.25
-102.63 -27.08 -96.67 -74.36 1.7 -17.11 147.62 -20.88 -312.24 -1.11 28.85
255.6 -29.64 -47.45 -102.08 -56.74 -1.19 -37.73 21.75 -191.61 11.17 -4.67
312.95 -23.52 -41.77 -107.01 -17.36 -42.57 50.44 -48.26 -141.32 -32.88 53.01
-72.26 -64.91 -74.93 -38.09 23.28 39.64 122.08 -51.86 -77.72 -47.04 22.17
-66.15 -72.59 -24.35 -29.33 -17.39 -7.97 -34 22.8 -124.47 -64.42 68.94
-60.66 -109.38 -5.56 -22.14 21.27 45.03 -48.23 6.06 -1.27 -35.83 66
61.49 -110.27 3.46 27.18 75.47 42.3 -18.96 175.04 3.75 -60.02 54.2
-28.15 -110.82 -0.49 9.76 55 96.5 11.56 426.63 -7.08 -50.86 47
-27.42 -136.61 7.93 56.47 27 63.4 -5.12 220.22 -10.05 -80.19 7.2
-120.21 44.64 -16.81 -7.21 1.76 57.9 -16.07 52.82 -77.55 -41.61 16.3
-179.99 -39.16 -36.16 -12.88 20.64 55.85 -29.94 -47.63 -169.76 -28.23 52.88
-275.27 -46.93 30.58 43.83 23.4 11.67 -10.31 130.11 -285.08 -33.52 -0.87
-80.98 -10.85 -98.08 19.51 10.04 -3.87 50.29 -51.48 -189.9 -30.99 -8.87
96.05 -22.33 -71.48 -95.78 -1.21 25.84 84.28 -27.99 -148.53 -14.03 7.58
69.68 5.98 -59.56 -74.49 -42.56 77.5 32.6 12.66 120.31 -25.83 17.48
-22 41.8 8.94 28.78 -45.4 -12.83 200.75 -2.47 -205.16 -32.07 38.54
-99.11 -88.84 -1.89 -16.25 2.85 56.89 -68.12 -12.89 -106.1 -56.16 75.42
-68.04 -85.39 13.31 -18.54 28.25 28.96 -63.49 38.57 -39.28 -48.43 58.52
-32.13 -109.84 1.03 -22.37 39.81 72.4 49.9 144.98 48.84 5.63 70.52
-36.88 -68.12 0.1 23.02 7.37 52.7 3.14 143.77 8.37 -82.92 38.25
-40.07 -73.83 -4.19 51.22 46.94 110.8 36.57 90.05 -15.98 -80.02 21
-114.13 -35.18 5.32 -31.01 37.52 95.7 210.71 -19.36 -63.92 -64.6 32.71
-182.46 -38.32 -43.58 -21.66 27.56 26.52 21.01 -44.93 -88.77 -48.61 17.23
-266.88 -46.87 -44.11 -35.51 -2.11 -16.15 41.07 5.1 -249.9 -28.4 12
-81.25 -26.96 -97.55 -61.98 -55.51 9.34 108.37 -42.79 -289.58 30.57 -35.58
336.34 -31.43 10.86 -94.91 -30.64 -0.33 -70.63 -19.29 38.21 14.53 11.08
86.4 -26.79 -67.94 -98.25 42.05 12.03 33.63 13.82 -204.97 -4.42 10.25
325.37 -53.2 -59.78 -64.77 -16.23 76.56 -39.58 15.27 -164.5 -28.46 -2.2
-108.69 -82.97 -31.32 -37.41 178.08 23.4 -50.9 53.99 -119.85 -47.25 34.26
-48.08 -119.97 4.44 -0.24 41.68 175.76 -43.95 42.91 -35.9 -66.31 115.97
-40.18 -120.81 1 -14.34 62.09 38.1 131.56 357.95 -12.91 -49.52 33.8
-46.95 -67.88 4.73 -18.6 16.85 87.6 63.75 147.61 30.45 -87.8 79.3
-50.69 -43.93 15.41 -22.53 57.76 16.7 9.65 186.48 13.15 -66.41 49.5
-93.92 -50.43 -5.75 52.81 30.24 139.1 147.89 221.14 -25.51 -48.18 42.6
-216.64 -41.06 25.3 -34.21 15.2 44.68 119.09 -15.45 -167.75 -45.78 9.83
-282.31 -62.86 -34.92 -49.91 -54.27 17.66 -20.62 -17.55 -236.2 -38.02 6.51
-241.77 -29.62 -83.53 -88.07 0.29 27.49 -107.39 -2.75 -323.85 10.48 2.28
164.33 -8.88 -96.2 -93.93 -0.26 16.88 15.23 -47.66 12.08 -3.66 -16.23
238.46 -43.25 -95.81 -110.58 41.71 26.77 8.94 -33.71 -0.36 -26.53 -16.92
-7.56 -66.02 -30.26 -25.47 90.72 -26.17 82.76 87.45 -137.45 -28.35 59.47
78.29 -55.61 -36.57 -43.67 15.11 60.42 -89.31 29.44 -92.13 -32.99 40.16
-25.59 -10.6 17.88 -2.95 23.21 57.01 -67.21 65.61 -41.77 -61.11 10.38
-20.42 -141.23 0.51 97.64 32.05 42.9 -51.35 78.52 -15.04 -43.08 127.9
-47.42 -100.02 11.4 21.21 32.56 50.7 -51.21 212.87 18.95 -61.2 57.4
-38.87 -83.56 -5.01 136.21 16 33.5 -67.49 26.02 -18.65 -82.21 27.4
-82.47 -56.36 -8.32 -0.7 25.8 12.9 27.87 92.94 -43.27 4.85 33.2
-173.46 -98.28 -31.68 -16.17 -15.87 38.97 -55.59 -78.2 -155.73 36.72 68.14
-279.87 -53.32 -28.17 -28.71 16.74 22.24 21.59 67.69 -211.46 -16.83 36.94
-154.17 -25.78 -89.08 56.84 -45.05 -56.02 77.36 -15.25 -371.37 45.74 -21.71
420.14 -27.97 -58.64 44.24 -15.47 57.65 -123.79 -42.41 -109.45 54.24 -31.17
-26.62 -49.98 -50.48 -77.22 -31.58 88.85 234.2 -14.88 -178.82 -3.11 4.66
236.09 -24.85 -54.51 49.2 -61.3 186.52 11.03 -29.18 -221.25 5.26 19.09
-92.88 -81.95 -0.44 -9.46 6.99 -17.15 -43.13 54.41 -119.13 -59.82 47.93
-51.86 -104.38 -16.26 74.42 35.89 84.02 -7.03 144.48 -38.95 -37.75 74
-40.45 -118.78 9.23 139.66 6.91 31.7 -45.83 151.18 27.13 -19.02 22.29
-35.49 -136.44 1.5 2.63 30 65.2 -31.96 46.47 -3.58 -48.33 41.7
-53.41 -148.39 0.06 40.81 53.42 27 42.91 -6.95 -19.47 -2.22 44.5
-111.88 -115.93 -19.36 -0.28 -9.81 58.7 18.44 28.3 -32.6 -68.43 35.6
-181.48 -58.16 -14.85 7.4 5.75 9.08 74.92 -58.42 -93.41 12.69 42.37
-194.59 -60.82 -47.49 -31.92 35.9 12.6 -97.69 -4.6 -227.47 -16.33 -18.21
60.53 -25.24 3.39 119.46 -19.14 -27.33 -16.42 20.9 -330.19 61.77 -56.81
240.36 -31.19 -62.15 -89.05 -1.65 25.72 163.08 -14.94 -185.19 -4.82 -10.48
284.54 -47.27 -36.43 -102.58 -8.89 30.23 15.43 -40.23 52.17 7.74 11.11
154.52 -79.26 -60.61 -38.84 -15.68 22.9 92.73 3.72 -92.58 -36.81 -24.15
-63.21 -110.04 -43.12 12.29 39.41 92.09 -64.94 10.2 -116.23 14.9 31.8
-56.52 -31.37 7.45 5.63 40.13 21.76 -41.87 5.85 -32.2 -53.07 21.2
-24.26 -46.21 -5.81 56.19 63 110.2 -49.21 67.31 -18.73 -66.59 50.8
-22.54 -2.82 -1.46 -5.86 33.97 100.6 -10.95 158.43 7.51 -32.48 32.7
-59.56 -56.24 -14.33 -16.96 40.36 26.2 72.11 43.37 -27.02 -71.92 22.9
-96.05 -41.26 -26.11 -23.05 -6.9 21.3 9.87 28.69 -23.28 -59.52 44.2
-196.41 -22.35 -41.48 8.26 -20.68 6.83 12.23 -35.59 -144.32 -30.89 25.23
-260.61 -39.39 -57.96 -50.74 -3.06 30.63 -17.52 -55.03 -232.36 37.04 -15.89
39.34 -41.71 -83.49 -71.12 -7.52 -1.13 263.35 -18.62 -301.94 29.63 -45.39
112.86 -24.92 -105.51 -87.34 -67.88 -11.54 19.8 -43.37 -190.45 18 -9.33
429.78 -58.05 -58.74 -38.8 33.47 -4.46 1.68 -21.34 -114.4 -4.72 -25.04
276.71 -75.44 -49.49 -43.17 -21.37 80.29 52.38 12.97 -242.2 -28.25 7.9
-88.14 -49.73 -44.23 -33.8 -3.21 40.03 -19.92 25.44 -102.87 -55 125.55
-13.43 4.52 4.91 19.87 10.92 60.49 -56.24 47.01 -37.79 -54.41 58.51
-38.99 -103 16.24 -27.68 30.71 22.4 -13.06 214.66 -9.01 -51.34 25.8
-23.44 -136.72 17.85 66.72 36 67.5 -27.49 81.6 77.38 -15.23 40.5
-51.34 -76.49 -1.82 -24.74 68.04 25.8 3.22 157.37 66.47 -29.11 54.4
-92.21 -14.3 -19.14 24.8 39.28 26.5 -63.2 58.39 -50.89 -28.45 44
-125.79 -7.44 -26.01 -39.59 48.84 41.06 -35.11 -1.13 -9.46 -17.68 61.84
-258.74 33.84 -25.26 70.89 47.04 63.9 -40.61 1.39 -236.93 36.89 -21.69
-61.06 -13.52 -57.4 -73.41 -55.92 44.73 45.77 14.66 -325.61 -4.1 -3.09
227.22 -30.32 -107.35 -51.8 -29.7 4.5 110.18 -3.61 -248.79 19.91 9.49
-7.5 -25.79 -7.76 -78.74 -30.09 128.2 141.05 12.34 -140.32 -1.03 70.97
102.99 -51.06 -43.26 -84.41 -32.78 47.06 124.83 160.28 -184.98 -29.87 59.86
-14.85 -92.61 -38.32 -34.41 53.62 17.21 -46.2 118.7 -110.59 -14.64 94.02
-55.9 -79.73 22.86 -22.7 9.34 76.61 -37.31 -18.4 -33.27 -42.84 8.61
-38.66 -76.81 6.78 -14.48 29.38 37 55.99 50.86 -13.05 -11.78 80.05
-31.31 -77.31 13.34 3.64 31.47 69.4 51.92 45.05 -4.35 -73.38 77.4
-49.63 -90.93 -5.79 52.41 46.26 42.3 155.92 73.77 21.46 -72.06 43.8
-82.96 2.82 -19.06 15.62 12.83 58.7 9.9 130.08 -24.78 -40.05 39.17
-160.67 -62.17 -39.28 -25.58 -0.54 44.48 -57.02 -56.93 -115.19 -23.15 21.05
-257.18 24.92 -62.58 32.86 122.69 11.04 -22.29 -25.69 -368.56 -12.27 41.29
64.76 -34.39 -90.64 46.32 -30.55 10.13 -16.66 -61.79 -134.12 -23.15 -47.05
-76.61 -34.95 -94.6 -62.81 5.22 25.38 69.46 -19.17 -151.81 0.39 -3.91
-1.59 -50.48 -93.87 -87.96 -17.12 -5.64 39 85.69 -150.52 -24.62 -28.65
146.78 -22.95 -21.47 121.33 -34.92 -19.46 -27.25 60.46 -164.33 -38.04 14.9
-102.39 -68.77 -36.85 -38.06 142.29 59.74 -47.58 29.97 -99.86 -37.78 72.64
67.92 31.87 -12.3 63.32 7.63 33.04 -35.91 21.04 -38.77 -76.7 25.24
-31.42 -83.07 0.43 -6.71 14.77 35.1 10.14 109.61 3.39 -71.34 15.6
-25.64 -69.81 5.3 -16.7 29 31.2 -39.13 121.81 -7.91 -84.15 44.1
-58.11 -46.24 -2.31 -36.12 37.5 67.7 239.77 10.86 90.7 -68.48 51.9
-84.14 -46.77 1.47 -29.79 89.18 50.9 25.61 76.4 -39.21 -57.51 72
-174.43 -63.1 -27.22 -23.58 32.31 6.91 22.41 118.82 -84.52 -35.86 2.54
-265.04 -29.67 2.16 -8.34 -49.44 20.68 12.27 62.91 -268.34 -30.28 -19.02
17.01 -28.64 -40.94 -28.56 7 9.5 3.74 -2.29 -355.14 -10.63 -30.05
233.14 -22.72 -85.14 -90.2 32.35 -22.39 58.79 -50.02 -10.71 5.6 -14.8
-2.59 -56.49 -108.87 -85.04 45.87 -20.17 54.22 14.2 -301.4 28.07 -21.46
124.69 -65.32 -64.25 -56.23 77.17 89.51 -113.76 -23.47 -193.1 -34.82 37.5
-86.97 -110.84 -28.48 64.78 -9.16 39.72 -18.38 96.28 -105.53 -57.47 -12.6
-69.65 -130.67 -18.73 -39.54 35.91 17.87 42.43 134.83 -39.32 -69.88 65.17
-21.79 -86.44 6.37 -18.65 60.02 71.9 -0.74 93.31 9.54 -82.97 64.2
-46.51 -88.27 -0.67 19.06 52.78 64.5 -2.48 43.32 34.18 -82.57 57.5
-37.52 -46.84 2.68 -16.98 10.32 20.2 -31.51 11.85 14.02 -80.26 15
-129.9 -90.85 -14.54 -23.67 26.15 14.3 -46.46 13.46 -62.67 -57.84 15.56
-207.58 -77.13 -33.83 -18.86 23.55 41.93 -70.07 137.09 -159.28 -35.65 22.62
-217.45 -52.34 -62.42 14.61 44.2 28.93 3.44 23.6 -343.01 -15.18 -2.39
268.64 -27.21 -59.46 -55.08 -41.52 19.32 92.78 -12.85 -139.12 18.46 -15.2
308.23 -26.98 -70.99 -82.57 -18.17 -55.82 113.14 -8.46 -301.06 -14.39 -45.95
89.93 -27.75 -106.2 -77.84 170.03 -91.56 -142.53 17.65 -259.1 -18.78 -49.49
-83.06 -64.04 -18.03 -21.53 7.01 181.38 4.27 71.08 -239.63 -22.81 -25.47
68.13 -72.36 -31.67 146.92 -16.23 37.88 95.21 110.36 -104.81 -16.77 118.38
-48.48 -70.88 -5.61 -25.51 21.87 67.49 -45.31 30.6 -35.54 -34.31 27.71
-39.06 -83.68 3.22 15.59 37 80.2 -26.25 81.41 -13.58 7.91 35.7
-43.61 -8.1 15.72 -20.61 29.66 127.7 -3.55 97 -4.03 35.27 48
-61.48 -37.54 8.1 -14.41 4.37 53.8 -39.38 50.17 50.72 -41.7 22.1
-75.82 -59.26 -3.21 -24.15 67.2 43.6 -45.93 10.78 3.35 7.95 18.5
-170.98 -68.41 -21.49 14.67 -32.65 13.67 -57.8 -13.21 -103.74 -39.98 15.65
-260.39 -30.15 -67.93 -32.76 88.9 84.92 60.98 -4.57 -278.32 13.33 -16.4
-177.42 -36.54 -101.91 -38.63 -20.79 75.32 98.38 -23.69 -242.82 14.88 -53.22
158.43 -12.84 -50.06 -65.43 9.19 72.1 83.91 -0.44 -199.72 -5.32 4.99
210.14 -15.35 -93.55 -52.71 -13.38 48.19 220.54 -55.59 -233.06 28.59 -52.9
20.35 -61.45 -58.25 -19.45 -8.15 161.32 -42.08 -23.88 -194.7 -9.71 -3.22
-107.15 -41.58 -22.23 1.43 72.42 -23.84 -50.48 -49.56 -134.74 -27.73 2.29
-46.12 -67.19 3.44 -20.21 48.4 7.12 -38.96 164.83 -40.63 -57.74 41.28
-32.39 -142 -6.48 -5.59 54.96 26 -10.22 58.03 -17.53 -69.87 27.3
-29.49 -112.02 10.22 120.34 36 32.4 69.35 184.4 52.32 -62.85 33.2
-54.77 -114.45 6.78 3.43 31 57.8 94.72 172.54 7.24 -53.26 18.9
-69.98 -17.26 -13.85 -34.27 34.15 50.7 5.83 -37.41 -33.41 -58.63 29.3
-172.61 -28.44 -33.8 -36.44 -13.05 46.68 15.3 -52.13 -123.94 -17.17 15.8
-260.32 -37.07 -28.23 -45.93 135.46 -2.43 -89.9 -43.92 -287.72 12.71 -24.8
12.12 -29.55 -65.25 -37.02 32.57 24.24 60.3 -45.04 -265.07 8.93 -11.19
268.35 -29.36 -101.21 -78 -6.62 17.55 -45.3 -51.78 -258.66 41.73 -44.99
171.62 -61.88 -18.79 -87.96 18.02 16.77 79.09 -44.33 -149.35 -10.08 -11.37
-1.42 -20.94 -30.66 -17.22 -23.81 7.38 -23.05 -13.28 -176.85 26.9 59.02
-6.94 -78.65 -42.31 -28.97 11.45 -4.59 -85.16 76.35 -123.17 -44.61 12
1.98 -81.28 25.49 -28.23 14.1 13.45 -53.71 -12.22 -51.3 -26.09 136.51
-33.8 -77.06 14.14 -11.18 10 26.8 21.68 20.35 -13.87 -42.35 39.4
-13.26 -20.64 25.92 34.45 54 62.2 53.9 40.26 25.46 -55.7 12.1
-48 109.75 -8.7 -15.85 85.64 28.4 55.91 60.21 -21.85 -51.66 64.3
-117.34 -114.27 7.57 -22.54 86.35 14.9 76.85 8.7 -73.87 37.39 66.2
-213.79 -45.41 0.65 -20.62 86.69 5.41 59.87 -74.78 -196.64 -24.37 2.72
-281.86 -60.47 11.41 -14.84 35.41 54.55 -104.74 -0.52 -287.13 -29.38 -16.4
-224.85 -29.04 -64.5 -63.21 -8.34 93.12 28.77 -22.41 -244.98 -12.7 -41.27
126.68 -34.33 -53.56 -74.06 133.43 114.62 -5.62 -4.47 -173.92 4.31 -68.74
298.54 -53.13 -77.62 -58.67 -12.22 8.52 -81.69 -34.81 -238.59 10.54 38.4
19.63 -33.06 -30.66 85.32 -3.68 163.5 8.9 148.24 -92.43 1.53 6.04
-124.04 -66.11 22.34 -19.99 70.14 127.88 -72.07 0.46 -167.95 -36.87 25.64
-64.03 -119.4 -9.54 11.96 76.79 15.67 53.54 146.51 -52.35 19.19 37
-48.12 -146.66 -0.21 0.84 10.54 41.9 128.21 71.86 -9.04 -38.12 74.3
-7.15 -128.78 -1.79 5.88 36 44.3 56 85.33 7.19 -59.47 48.8
-54.12 -103.48 9.67 4.21 37 10.6 67.99 228.99 4.25 -52.79 31.5
-117.64 -12.43 -4.94 -24.87 10.39 33.8 100.16 58.72 -37.07 -12.56 17.3
-231.98 -53.38 9.32 40.71 63.13 12.24 -32.08 77.24 -148.56 -20.06 9
-285.42 -30.99 -68.39 -57.27 42.06 17.79 -86.82 -41 -240.91 4.19 -11.12
-182.82 -30.17 -98.66 -55.71 41.73 55.58 24.94 36.38 -314.12 25.32 -28.48
402.65 -33.74 -114.15 -88.81 -23.78 -28.7 -42.74 72.96 -173.91 -9.77 10.7
141.83 -37.49 -71.52 -48.08 -37.74 46.42 -58.25 -56.05 -40.12 18.64 -32.43
12.03 -72.85 -42.6 -26.94 -54.79 65.84 -54.19 1.67 -146.02 22.65 41.73
-99.68 55.25 -30.04 -49.81 15.3 47.85 -102.25 -49.26 -112.1 -22.12 21.95
-50.85 -90.63 -24.26 19.88 27.24 92.2 -65.74 50.59 -58.07 -17.4 26.26
-28.7 -19.33 17.35 -13.33 -0.52 32.1 28.07 92.45 15.36 -72.73 94.1
-31.4 -118.69 -0.88 -25.72 30 45.4 -30.68 187.35 22.82 -36.94 48.1
-46.63 -89.26 -8.62 -6.43 12.87 18.5 1.86 24.35 -22.2 -61.26 51.72
-111.64 -74.84 -18.88 -5.31 16.02 39 42.24 24.73 -66.61 -38.25 24.47
-181.56 57.81 -56.46 -16.64 26.26 30.85 -60.8 -41.87 -129.31 -71.1 18.23
-203.4 -2.46 -37.32 -54.14 -14.45 30.35 -78.38 -74.53 -241.41 96.08 0.57
-32.21 -27.46 -70.58 -79.95 25.65 -11.89 162.72 -24.83 -241.81 -28.68 10.17
161.97 3.13 -89.88 -57.4 59.63 -33.87 123.17 -45.89 -142.7 -22.45 24.29
4.22 89.12 -84.2 -102.39 -55.04 57.34 0.7 -12.9 -248.43 -12.94 77.56
114.31 -60.49 -77.76 23.06 -30.65 94.48 -14.79 35.04 -238.19 41.52 8.94
-21.74 -71.21 -40.54 24.35 -36.18 39.72 -54.62 149.83 -124.09 -29.58 41.7
-66.52 12 -13.01 -15.3 44.21 26.05 -36.62 30.59 -50.91 -45.17 103.92
-30.37 15.51 23.3 41.69 42.01 21.5 -28.08 89.18 -21.81 -59.69 32.96
-26.87 -115.53 11.7 -15.71 41.5 65.5 17.49 25.44 18.89 -87.35 72
-48.46 -121.08 1.51 0.4 45.85 58.1 -45.46 182.43 31.37 -65.39 19.3
-60.84 -63.12 -4.58 -17.03 82.28 96.3 29.36 119.83 -20.64 -85.7 45.2
-173.05 -79.72 -10.88 -42.41 -14.5 61.3 -71.2 -29.1 -99.46 -35.42 41.87
-280.52 -22.96 -52.4 1.02 42.93 1.76 -35.9 -56.66 -306.9 -9.55 46.9
-133.78 20.88 -76.98 -54.25 93.43 -8.67 -6.58 -33.29 -285.07 1.37 65.8
316.44 -31.74 -70.46 -90.51 3.43 0.48 -56.67 -36.16 -147.27 35.93 -15.63
596.49 -59.42 -73.29 -100.85 -44.47 -53.96 -21.49 -36.53 -105.48 -3.07 -20.51
68.06 -58.67 -65.72 13 -31.79 56.15 -103.65 -50.54 -146.27 -17.5 55.55
51.75 -101.33 -29.48 -24.91 119.9 -17.08 54.3 9.23 -108.56 -24.44 41.01
-59.55 -111.4 -0.14 -28.45 101.16 40.7 -37.08 76.69 -47.66 -41.72 133.71
-49.44 -145.81 15.17 134.24 50.66 36.1 -22.14 113.9 0.92 -63.12 108.67
-15.13 -104.28 3.61 1.08 50 28.6 73.07 74.88 88.32 -70.85 84.9
-39.9 -144.48 -6.26 -13.99 50.71 103.8 -32.69 191.34 -14.48 -43.7 63.7
-101.75 -3.74 -5.39 -14.61 10.45 49 -84.68 68.91 -45.43 59.13 40.8
-171.2 -73.39 -14.91 -42.74 15.9 58.3 -67.86 -38.67 -50.75 83.91 23.95
-263.55 -37.88 -74.51 -28.08 -14.08 54.91 -104.14 -26.91 -246.76 -15.79 -7.72
-175.13 -23.94 -96.76 -57.19 -22.09 -17.27 310.86 139.57 -282.02 10.45 -2.15
220.76 -21.79 -90.54 -99.76 -28 78.32 158.9 -11.18 -133.54 -14.1 20.21
52.45 -48.22 -59.86 -87.38 -33.87 -4.45 157.06 -73.49 -129.71 39.18 4.23
244.93 -99.03 -82.54 -83.03 -6.4 46.15 56.25 -35.2 -124.95 -25.43 -9.56
-93.91 -90.96 -40.47 -54.92 35.22 40.15 -0.61 31.05 -118.98 -46.18 66.41
-47.05 -117.48 -18.49 8.09 79.09 144.28 -34.35 72.93 -47.51 -42.53 40.24
-26.54 -137.43 7.38 -13.84 21.32 59.9 65.13 112.77 -10.49 -90.41 56.1
-37.14 -61.26 4.88 68.17 38 43.4 18.96 164.98 -15.59 -90.31 30.5
-66.04 -88.17 -1.45 -22.07 67.33 25.9 103.04 23.74 -26.84 -30.82 54.5
-103.47 -38.71 2.09 28.05 4.24 54 -3.79 133.94 -39.57 -46.64 33.7
-235.54 -36.97 -52.74 80.39 -42.99 23.91 -77.35 -42.98 -222.3 -51.18 20.08
-253.23 -13.71 -59.78 -13.15 -19.87 71.76 -39.66 -57.27 -283.98 17.13 24.17
154.13 -27.44 -113.1 -66 -10.53 3.95 149.9 19.24 -299.06 -1.25 6.07
319.5 -33.15 -59.78 -87.52 38.47 5.07 192.4 63.45 -179.8 8.51 -40.72
200.46 -43.76 -70.99 -105.72 -19.84 -66.49 6.81 -60.8 -74.19 -5.42 -6.67
-26.97 -79.48 -77.28 -76.73 -45.75 -8.21 57.28 -71.96 -240.9 -0.67 59.41
-110.67 -28.19 -19.03 39.22 31.25 67.18 14.56 74.89 -113.48 -10.11 0.63
161.87 -91.22 1.75 11.99 43.02 77.39 -81.64 49.06 -37.66 -8.06 37.68
-34.3 -146.55 -7.18 19.04 75 38.9 -50.52 1.89 -0.01 -77.1 17.71
-31.95 -155.62 -0.76 0 34 27.6 -38.72 381.89 4.6 -44.99 34.5
-55.1 -149.08 -9.6 26.33 73 27.5 84.35 189.05 -12.36 -64.76 21.8
-111.24 -70.19 -22.61 -20.29 16.34 56.4 139.75 145.75 -81.8 -37.86 48.1
-171.77 11.82 -39.38 -39.01 -9.04 90.57 -22.83 5.45 -198.7 -5.97 44.64
-280.18 -31.17 -64.9 -7.95 -27.81 40.14 -89.04 -0.83 -321.65 62.17 -10.94
-201.26 -11.38 -91.85 -85.92 -44.02 -6.84 11.58 -27.79 -456.54 60.3 -28.33
117.07 -17.98 -115.83 -102.5 -14.52 113.46 140.23 48.88 -391.64 51.93 23.8
235.56 -54.54 -72.12 -1.69 -29.92 32.27 142.11 16.09 -59.72 11.7 -39.92
139.93 -14.08 -80.03 -28.28 -61.39 99.9 196.76 87.99 -169.97 -19.25 -32.69
-51.31 -90.82 -48.9 9.96 -21.25 110.43 -17.93 20.7 -102.06 -34.37 9.73
-63.12 -121.76 1.17 -29.71 61.08 97.88 -3.15 79.08 -61.93 -77.48 44.02
-34.92 -69.81 24.17 -18.92 111.71 38.7 -14.67 292.08 -5.63 -80.93 84.2
-35.8 -118.19 2.88 -26.01 82.85 62.3 177.66 143.31 -6.57 -70.37 79.1
-44.59 -68.21 30.06 125.45 106.29 30.7 -29.16 122.58 24 -71.8 8.9
-111.64 119.54 -0.43 -24.9 16.97 79.4 3.74 225.94 5.2 -62.33 19.41
-226.66 -23.06 -45.28 20.82 -25.9 25.43 13.81 -23.82 -160.43 42.97 14.83
-312.92 -52.81 -52.71 -44.1 -36.31 11.14 -111.85 9.4 -323.57 6.54 -2.86
54.71 -35.49 -87.19 -75.49 -2.47 14.23 -28.44 -48.62 -290.05 -9.63 -20.2
108.75 -35.27 -111.13 -77.26 19.92 -2.08 55.92 0.32 5.48 -5.6 -47.95
131.24 -54.13 -102.87 -74.13 3.21 54.03 59.96 15.49 27.6 -6.83 24.72
88.78 -62.25 -72.35 -81.98 -14.77 23.03 -62.69 -48.2 -236.57 65.24 16.18
-115.89 -72.36 -32.39 42.63 14.61 52.77 -70.23 29.88 -144.73 -60.49 41.39
-8.51 -99.92 -7.77 -38.58 -2.76 25.35 -52.85 -9.37 -28.54 -35.51 47.52
-30.11 -135.14 -4.01 84.54 26 37.1 -20.72 31.49 11.17 -40.81 29.05
-50.97 -164.17 15.5 3.24 27.31 35.8 -54.15 166.76 -6.64 -67.65 74.59
-53.67 -135.64 1.78 64.63 -0.96 47.1 -63.51 132.92 23.89 -77.28 33.28
-118.11 -44.24 -7.83 46.6 12.1 54.5 -56.56 89.94 -50.47 53.94 27.3
-213.97 -82.52 -26.21 -26.88 1.62 47.54 -23.12 -19.71 -192.14 -3.59 16.18
-287.5 -38.63 -35.98 -19.6 65.68 45.32 -90.64 -12.58 -364.27 62.29 -19.31
-41.61 -21.82 -93.05 -68.51 10.89 1.07 49.12 -20.03 -299.56 -3 45.69
44.89 -27.64 -59.89 -102.32 -22.07 -14.06 -59.95 -35.86 -128.72 -1.79 -21.3
-15.59 -36.51 -92.22 -35.37 52.21 -16.77 322.42 -43.16 -221.08 -20.15 23.12
213.85 -83.7 -71.95 -42.37 -51.99 33.29 119.14 -43.76 -217.14 -15.51 -54.25
0.47 -101.59 -41.12 -45.57 -25.43 39.58 -89 -20.17 -114.59 -58.64 32.91
-48.54 -84.53 -30.95 -32.97 108.41 58.55 -17.34 1.54 -34.23 -61.81 12.68
-36.26 -70.25 12.75 57.91 51.11 84.3 -45.66 193.58 -10.94 -28.62 94.82
-45.23 -119.31 -5.63 22.66 71 48.3 -70.39 315.75 70.5 -42.39 18.4
-40.58 -79.3 -8.36 -30.19 18.8 47.1 -45.68 151.36 11.08 -53.08 74.3
-93.79 -17.7 -23.4 -25.58 1.39 35.3 41.64 179.83 35.3 59.46 37.9
-191.72 69.51 -44.38 -29.22 2.29 10.45 -6.53 98.9 -116.51 53.94 58.78
-258.19 -10.56 -71.79 40.45 7.39 9.71 -78.22 -71.08 -291.09 70.47 -14.36
-190.3 -40.27 -104.15 -84.91 -65.82 -23.87 11.98 -23.22 -394.68 107.25 -37.5
280.11 -29.15 -61.88 -108.41 41.33 -22.81 199.76 -21.78 -180.41 22.01 -16.21
-56.77 10.64 -108.65 -48.19 -31.61 -47.17 49.48 -72.89 -75.68 20.57 -36.89
197.45 -55.82 -54.77 -47.26 82.63 62.79 107.64 -44.58 117.43 -15.46 51.89
-94.14 -76.69 -73.62 163.23 75.54 5.06 -42.74 119.41 -111.77 26.93 66.82
-42.2 -68.81 -25.64 -41.58 84.76 86.51 -39.45 120.84 -38.47 -33.97 99.57
-31.05 48.34 -13.42 33.5 47.19 84.9 142.9 33.94 -8.59 -65.99 76.73
-31.17 -57.45 4.98 -12.37 18.77 52 -21.84 311.75 17.13 -39.3 68
-48.71 -77.23 -2.27 -25.45 8.4 52 17.93 52.75 -16.8 -84.91 58
-112.38 7.95 -14.03 -4.1 52.43 36 -8.59 -26.33 -35.22 -11.21 73
-165.2 -23.34 -31.47 56.69 -8.18 7.08 61.2 -16.34 -70.5 -68.93 32.03
-266.46 -20.94 -73.35 -31.76 109.29 10.91 -72.39 -26.82 -210.62 83.67 -25.55
-106.02 -18.82 -103.7 -68.64 17.81 23.75 -114.12 -36.86 -303.32 -4.62 -0.67
182.74 -17.15 -113.43 -94.66 39.87 26.4 9.36 2.38 -100.42 -27.29 -23.91
52.37 -35.82 -56.13 -60.52 -17.92 -62.41 9.2 6.44 -153 47.47 -50.11
-108.51 -50.15 -93.93 59.81 -39.01 40.83 84.02 -63.76 -251.56 -28.42 -8.1
-151.4 -75.27 -43.46 -1.59 -29.42 -6.63 -91.22 48.21 -180.33 -40.44 -23.96
-82 -129.83 -9.48 -2.84 63.07 106.43 45.98 3.15 -23.8 -24.9 41.91
-34.48 -147.26 2.6 37.77 26.49 30 1.06 49.72 -18.87 -96.31 56.31
-43.14 -123.07 -3.23 1.96 29.83 64 -20.73 65.59 -4.23 -88.06 62
-74.87 -16.51 -4.78 -13.48 75.27 29 57.51 215.58 -23.93 -96.41 44
-103.63 -94.61 1.5 -32.65 51.98 28 103.02 84.36 -12.16 -46.94 28
-227.58 -53.56 -25.45 -25.15 -35.25 35.2 -36.2 -71.75 -179.53 -24.15 23.79
-300.35 -37.8 -58.86 -56.04 33.21 13.56 -62.62 -43.03 -280.62 16.35 5.89
-7.91 -33.91 -75.74 -91.58 7.17 -34.09 -94.6 70.8 -287.45 5.68 -6.37
97.16 11.17 -69.45 -72.08 -62.58 31.48 113.37 -56.01 -98.8 3.59 -21.53
-14.2 -33.87 -93.25 -44.9 -46.49 -36.45 -101.96 -45.99 -205.49 21.54 36.05
-93.58 -47.56 -81.59 -55.17 2.9 1.96 -10.98 12.45 -241.88 -36.79 69.95
-124.09 -89.25 -58.91 -23.69 -0.64 17.06 101.01 2.76 -129 -53.72 161.49
-60.02 -76.88 3.08 -26.97 29.64 32.4 -9.78 82.11 -43.79 -54.37 66.67
-57.13 -116.27 3.14 -18.95 16.58 72 -9.18 27.4 -13.94 -82.69 78
-15.96 -174.28 -13.54 -12.94 44.76 94 66.83 95.97 30.36 -70.02 33
-83.53 -77.51 3.24 -5.99 21.95 22 43.66 92.39 -29.06 -44.83 56
-158.84 -76.57 -7.62 35.63 7.19 68 22.47 -17.68 -103.46 -29.83 23.17
-215.8 5.86 -24.13 -38.29 23.32 6.92 0.12 88.97 -156.71 -11.73 -6.38
-276.55 -36.17 -59.6 -62.66 -24.53 66.72 -121.19 -27.66 -296.07 6.85 9.66
-155.55 -23.99 -108.87 -45.67 19.78 16.43 51.37 -15.08 -334.01 -15.8 21.85
152.21 -23.07 -112.61 -90.84 25.69 64.25 15.56 -2.14 -84.34 -15.1 51.48
106.78 -34.04 -101.51 -97.4 -26.68 13.59 -13.98 -1.13 -13.85 -5.75 0.22
-20.44 -71.36 -97.05 -46.86 -38.02 11.93 154.66 -16.35 -74.92 4.71 60.28
-91.06 -77.47 -41.69 48.55 -13.71 -17.1 -43.96 35.42 -125.5 -41.35 -12.12
-59.22 -59.94 1.79 -7.93 -7.07 65.68 66.36 62.49 -42.56 -58.95 25.59
-48.3 -24.66 5.83 -22.48 8.05 43 63.75 -42.85 -16.57 -71.31 14.96
-16.51 -99.85 -2.55 -14.15 55 77 -14.51 143.36 10.52 -76.27 50
-66.48 -59.87 -20.36 -9.36 5 54 -0.81 155.82 26.75 -75.26 16
-112.24 7.41 -14.86 21.84 -1.52 30 6.12 40.13 -62.11 -48.59 39.11
-212.33 -35.62 -64.56 42.1 47.42 31.25 -39 -57.86 -160.46 -56.38 13.52
-314.27 -26.32 -64.87 -27.27 26.06 28.54 44.26 20.46 -302.25 -25.29 -45.25
-220.24 -24.55 -111.81 -52.26 -25.38 -18.15 -27.47 -28.15 -323.37 -2.33 -14.77
147.87 -17.62 -93.75 -74.53 43.31 18.74 24.31 -52.74 -236.84 20.69 6.23
63.26 -39.7 -95.51 -99.98 -24.28 173.74 -42.16 -68.58 -273.4 56.45 39.15
667.03 -73.35 -78.52 -83.86 -14.11 -9 13.14 -33.15 319.35 -31.06 54.28
-10.18 -104.62 -54.19 -61.51 18.74 23.03 -74.63 102.84 -77.68 -54.68 22.38
-62.4 -88.21 -20.75 -36.81 35.17 47.99 91.63 -64.37 -42.73 -10.88 70.69
-40.5 -87.06 -0.52 -20.76 93.2 41 21.8 13 -13.72 -17.51 108.49
-19.98 -11.55 4.92 -6.95 24 52 37.62 155.99 5.2 -39.24 85
-59.45 -43.72 1.88 -16.25 35.22 53 30.21 23.48 -26.67 -47.23 46
-142.36 -76.69 -23.98 -17.2 39.22 34 13.29 31.01 -36.01 -24.71 22
-159.61 3.04 -41.3 -35.62 60.1 19.16 -53.06 -52.75 -101.62 20.3 36.71
-270.77 -44.3 -55.05 -53.42 -5.95 69.98 -97.64 -10.86 -171.96 -19.76 30.49
1.4 -5.16 -94.54 -61.87 -19.87 14.51 -64.61 -35.61 -351.98 2.74 -22.14
-82.87 -0.7 -73 -103.7 -11.12 23.55 159.92 -27.15 -202.39 -18.7 -58.01
312.19 -27.09 -79.32 -45.18 69.48 17.76 86.93 56.11 -138.81 -0.1 -67.83
145.75 -63.02 -48.34 -51.4 -10.07 25.04 77.08 -70.68 24.94 -11.28 -0.79
43.96 -56.91 -57.75 3 6.06 199.16 -9.94 28.62 -14.28 -13.09 57.03
-46.93 -54.83 -19.15 -14.5 6.79 35.14 2.05 132.61 -41.35 -0.02 57.54
-37.03 -23.01 -3.8 22.42 19.8 48.89 -18.49 27.88 -11.11 -47.83 63
-33.72 -125.7 0.14 -21.39 16.16 42 32.13 15.94 26.04 30.71 76
-58.65 -52.34 7.64 36.95 31 39 -20.14 99.6 -20.39 -57.33 53
-130.24 55.11 -28.08 -4.55 46.46 67 -48.82 47.83 -22.52 -4.75 8
-213.23 -35.98 -42.87 -20.23 52.5 25.08 -20.58 16.7 -144.33 28.77 61.61
-190.17 -13.51 -82.25 -10.58 -16.18 -13.14 -73.66 82 -347.6 -12.82 -19.43
-70.53 -27.67 -110.75 -46.07 34.77 54.87 -64.17 69.86 -189.18 -22.45 -25.24
123.51 -34.63 -81.66 -93.99 -32.88 -10.35 -54.98 12.82 -5.76 93.83 38.29
31.68 -43.66 -95.4 -88.27 -16.8 93.39 9.56 10.49 -13.77 11.47 114.09
44.65 -39.34 -102.35 -57.66 -56.25 -41 -29.24 -19.48 -231.58 -12.36 -26.94
-69.09 -49.05 -48.16 176.73 82.99 -0.33 -7.78 37.61 -51.53 -66.04 26.3
-37.06 -53.08 -10.6 270.21 26.82 64.47 -37.52 -62.7 -36.45 -88.08 64
-42.07 -61.41 -4.82 -7.27 33.75 75 -46.64 14.45 -16.79 -76.78 35
-37.17 -135.08 10.14 89.58 38.79 32 -10.04 261.42 85.84 -41.46 47
-41.56 -114 -10.3 -31.77 44.4 12 21.75 231.66 -8.46 -40.95 110
-90.65 -90.81 -10.74 -37.78 23.55 92 124.56 113.65 15.61 -25.66 49
-198.31 -39.44 -30.1 8.58 -10.27 -4.39 78.46 64.54 -64.46 -62.2 28.9
-255.32 -39.75 -53.1 -11.86 -32.2 79.77 62.74 -31.22 -166.28 15.69 3.88
-145.36 81.51 -105.11 -38.89 -58.06 17.87 139.3 -25.89 -288.36 -4.97 0.24
50.68 -24.06 -59.6 -94.64 48 -19.22 112.77 8.2 -183.51 -11.4 3.22
184.09 0.35 -76.17 -91.41 2.62 88.85 149.22 8.38 57.57 -13.19 21.76
-53.65 1.76 -89.91 -18.29 7.97 86.62 6.63 129.57 -180.43 -29.3 59.12
-88.05 -7.22 19.07 252.92 -29.53 51.01 -25.8 61.43 -113.92 -34.17 52.03
-77.49 -77.95 20.52 4.86 34.83 -1.84 -29.61 15.24 -33.76 -10.56 15.65
-57.05 -86.71 0.27 -0.67 33.84 99 14.16 39.38 -15.34 -17.03 64.25
-29.8 -25.4 1.39 16.83 31.36 83 122.17 134.82 -8.67 -75.1 53
-59.01 -86.14 -9.15 4.36 45.94 69 91.34 9.33 -22.1 -5.96 33
-121.09 -93.03 28.18 -24.61 70.1 53 86.1 59.46 -62.26 -36.3 37
-234.77 -87.67 -21.4 15.38 -0.99 36.76 8.95 9.91 -199.47 -15.9 14.83
-299.69 -30.13 -72.77 -39.5 -49.44 14.82 -35.36 79.27 -247.45 -36.29 49.96
-137.25 -23.95 -113.91 44.5 85.59 12.86 -11.78 10.95 -274.44 -21.53 -6.3
123.97 -37.74 -120.14 -92.71 -27.15 10.17 -45.65 -20.39 -118.27 60.12 7.62
267.94 -43.9 -78.03 -103.24 24.95 -2.65 76.87 -57.79 -178.44 57.11 -15.56
188.46 -69.64 -52.27 -96.5 -34 75.07 4.75 13.53 318.51 -24.09 -25.04
-88.41 -99.39 -3.52 55.03 26.91 29.59 -12.37 86.58 -104.63 -34 4.44
2.65 -65.79 -12.18 64.98 7.12 0.11 -38.76 5.24 -38.53 -47.67 23.93
-44.94 -55.75 21.37 37.56 61.09 70 67.42 33.8 52.85 -58.53 59
-13.83 -31.94 1.29 -8.65 20.81 56 63.91 88.78 44.17 -81.02 95
-57.26 -53.21 -8.41 94.12 16.31 31 -9.26 -2.57 -0.95 -75.5 25
-131.2 -101.92 -9.84 41.76 9.68 39 271.12 64.27 -54.28 -50.92 10.77
-201.71 -33.19 -37.06 -34.83 47.67 37.5 54.16 17.93 -152.47 -13.69 18.9
-288.95 30.31 -52.51 26.45 -7.41 52.2 61.38 -24.52 -220.87 -3.3 -15.76
-97.69 -27.95 -94.49 -55.54 85.21 -5.71 79.32 -55.42 -361.39 32.39 -32.71
568.8 -19.71 -101.75 -104.97 72.43 -10.3 18.19 -51.18 -40.31 -5.93 -21.37
242.31 -36.1 -40.78 -100.54 32.08 10.39 106.27 -8.91 65.77 -4.43 -36.11
264.99 -76.82 -81.77 31.47 -47.19 15.1 61.39 -50.67 -167.3 -13.23 -37.53
18.14 -66.65 -4.61 11.74 -22.29 21.94 21.34 -13.1 -132.24 -24.46 15.24
-50.54 -82.56 -14.94 -3.06 41.85 48.04 -37.11 59.83 -16.67 -57.12 36.11
-46.72 13.78 39.68 -31.31 93.83 40 20.66 119.14 -16.23 -72.7 66
11.43 -91.98 7.4 55.13 45.7 95 0.49 11.13 18 -57.61 54
-73.13 -119.77 4.83 25.29 5.76 21 60.98 205.11 -38.26 -67.3 38
-88.17 -38.99 -18.64 -19.69 22.79 126 240.34 -31.9 -4.06 -48.87 12
-194.96 0.96 -45.69 -4.81 -10.26 38.2 -50.67 22.04 -96.94 21.22 25.87
-247.89 -29.58 -53.46 -44.63 2.18 27.9 -81.03 65.93 -256.01 -12.36 -31.43
-69.61 -18.56 -90.25 -42.71 9.65 28.97 19.26 -8.82 -333.75 -10.9 9.39
9.35 -18.14 -108.88 -90.38 18.52 19.81 358.97 -57.31 -190.9 -17.67 70.38
257.59 -25.9 -100.19 -95.17 -1.44 -50.71 28.76 -51.6 -196.14 -7.88 42.02
-42.75 -79.42 -81.35 -72.12 0.15 15.15 51.43 -46.73 -180.51 -40.64 30.57
-91.15 -28.73 26.3 16.27 23.37 -1.08 -60.65 63.96 -125.99 -47.86 1.86
-64.57 -67.57 -20.46 -41.8 -5.97 67.77 -75.17 121.66 -41.29 -54.73 116.09
-60.51 -121.37 7.58 40.57 18.29 75 13.18 223.94 -3.42 -35.12 54.08
-40.66 -111.51 3.57 -14.41 9 35 11.05 175.44 83.7 -13.62 60.2
-43.67 -153.27 -8.24 -33.26 54.82 70 46.55 218.51 12.43 -61.95 23.28
-142.56 -26.07 -8.25 -19.27 4.92 30 -19.61 43.81 -50.69 -55.62 36.53
-209.61 -21.39 -22.4 -56.39 12.25 10.43 -30.18 -21.93 -91.43 -10.41 15.91
-268.08 -19.85 -75.07 -47.21 35.83 46.32 -61.68 -8.92 -225.21 -7.71 4.75
-118.86 -2.9 -106.97 -58.38 -24.95 -8.35 -82.97 -38.29 -326.98 -26.48 12.52
71.55 5.41 -44.39 -103.22 12.24 -25.53 27.68 -65.21 -54.95 1.4 19.56
71.85 -25.16 -64.97 -81.43 -46.29 2.17 -7.99 -63.35 -103.55 31.26 36.28
519.73 -81 -46.52 -9.03 -43.97 -28.17 -96.25 -98.18 -152.06 -32.46 -17.02
-36.19 -96.12 -35.8 33.62 16.9 14.36 -94.87 73.59 -93.7 -53.93 13.5
-28.94 11.69 1.31 28.63 45.77 23.29 -49.51 14.36 -31.94 -48.98 72.76
-28.8 -135.22 14.37 -17.17 51.95 63 49.08 81.36 -3.54 -55.61 62.7
-15.79 -116 25.36 -18.95 10.04 148 1.8 4.55 22.9 -59.61 78.6
-57.79 29.5 -11.08 0.46 34.86 14 -21.17 93.88 15.42 -87.58 61.1
-106.43 -37.32 -7.2 29.16 44.9 69 62.18 132.72 -11.15 -57.09 28.7
-193.48 9.25 -49.4 -0.73 19.06 16.5 -35.28 -26.43 -157.45 -33.05 48.12
-296.75 -47.61 -69.36 36.83 6.21 7.65 -55.55 -46.86 -228.31 -12.54 9.43
-240.83 -28.74 -93.8 -51.84 -35 28.55 22.62 -38.34 -337.69 0.12 11
247.27 -35.83 -81.14 -108 -17.96 35.7 -109.22 -12.09 -110.25 -26.82 25.64
74.16 -37.64 -116.97 -98.34 -50.72 127.58 99.38 -11.58 -118.64 6.05 66.76
284.84 -85.07 -69.35 -78.95 -28.67 9.07 52.39 -30.42 -24.37 -41.53 93.23
-92.34 -111.24 -32.44 102.12 13.56 -11.65 -71.39 109.2 -106.06 -51.61 19.24
-47.57 -69.58 -8.37 34.05 86.05 32.61 15.44 -27.05 -24.93 -73.67 92.39
2.27 -127.49 7.25 2.33 42 39 -15.7 137.83 -5.16 -74.76 57.8
-13.85 43.9 7 12.03 40 104 28.77 94.64 -8.89 -72.49 38.8
-59.26 -118.48 -5.05 13.59 22 47 178.33 129.39 -23.34 -80.25 11.6
-109.72 -15.17 -5.64 -38.69 36.6 86 -7.5 -46.4 -42.95 -49.57 16.2
-183.67 14.11 -46.47 -8.26 -11.42 35.77 -82.68 -65.65 -105.46 49.47 -6.23
-263.25 -36.3 -81.5 -48.86 15.86 1.5 -75.66 -62.97 -167.33 -16.97 -38.7
-170.58 -24.84 -103.18 -65.2 -18.79 46.21 -38.9 -34 -344.71 42.53 -13.52
236.04 -12.54 -95.95 -99.07 -71.95 -32.61 49.1 -60.55 -205.45 12.33 -33
192.82 -42.85 -34.92 -77.25 9.66 33.77 -62.5 -66.46 -182.57 45.42 32.26
-25.83 -109.3 -82.3 134.24 -12.81 25.31 -44.83 -96.95 -158.77 -17.34 9.66
-32.34 -79.32 -42.65 -65.39 -12.69 43.54 -89.62 4.44 -147.34 -49.96 95.5
-67.33 -59.77 -13.78 -39.77 2.51 9.71 101.7 7.78 -52.41 -56.06 68.78
-42.69 -147.71 -3.44 50.62 13 75 39.75 -33.8 -3.75 -53.89 15.1
-30.19 -174.44 1.99 -13.15 7 45 100.47 -13.89 30.09 -53.29 22.9
-58.15 -135.22 28 -20.05 25.56 20 112.28 119.93 -11.13 -63.87 30.9
-130.58 -83.36 -9.94 -20.17 66.93 48 35.02 -57.22 -75.53 -46.89 3
-245.44 -72.69 -19.29 -38.86 19.91 62.52 -84.79 -62.71 -141.17 -42.95 11.41
-269.65 -46.22 -66.4 -63.17 13.36 -8.33 -25.9 9.98 -193.41 15.7 -11.98
73.5 2.83 -102.32 -67.24 -35.19 84.08 9.94 -15.5 -279.17 13.46 -40.15
121.97 -23.55 -73 -107.76 -42.88 52.99 87.32 35.06 18.44 12.48 -23.8
62.6 -39 -89.46 -95.56 -18.13 71.88 116.86 -43.12 111.93 -19.43 -2.33
171.5 -68.39 -46.96 -83.04 -39.32 60.44 12.07 12.85 -135.88 -21.12 -12.85
-111.13 -56.57 -54.29 -44.78 99.9 0.61 -7.27 66.35 -111.14 -61.87 30.18
-58.28 -103.04 -11.92 -23.16 3.22 58.07 -53.24 9.86 -33.09 -58.97 66.54
-44.23 -100.3 7.93 77.03 46.03 54 37.41 251.24 -8.36 -42.95 81.5
-34.93 -79.29 3.39 -10.08 37.44 104 10.98 310.77 -3.2 -49.4 53.8
-58.32 -155.94 5.56 1.49 47 51 18.9 28.35 5.17 -37.85 16.5
-110.21 -106.54 -6.69 -29.86 29.9 73 0.8 39.67 -35.24 -52.46 31.5
-198.1 -45.55 -30.71 -26.02 98.86 39.63 -62.66 -11.22 -44.08 -13.86 3.06
-326.53 -53.91 -57.36 -49.7 81.94 -25.26 -97.45 -14.01 -192.81 -35.23 -15.6
-223.07 -18.21 -62.67 -63.07 125.86 10.38 46.21 -52.61 -356.02 47.44 -20.92
-17.41 -0.32 -76.73 -106.95 13.36 44.01 101.26 13.44 -72.69 -7.43 10.54
34.94 -60.89 -94.14 -73.3 -7.55 -17.6 -13.93 -69.13 -145.56 -0.22 24.34
-27.54 -89.02 -47.92 -64.81 -10.12 94.63 40.21 -32.04 -185.91 -34.83 24.96
-131.45 -84.78 -28.21 300.52 -29.89 6.81 -53.27 119.07 -100.22 -40.27 14.91
-80.73 -108.24 -18.76 -34.42 19.7 61.79 -37.28 48.55 -27.32 -66.02 63.6
-28.99 -140.65 31.47 -22.17 57.44 37 24.59 159.6 -14.43 -75.08 118.4
-27.39 -37.22 10.97 -29.08 34 88 78.62 74.33 -8.78 -86.62 25.8
-82.78 -54.22 6.07 -33.13 29.41 45 45.68 49.45 30.12 -73.42 30.3
-110.49 -133.84 -20.94 -30.08 3.4 93 -14.25 146.73 -45.46 -35.22 42.5
-212.86 -71.2 -41.32 -41.89 -3.84 37.16 -31.43 -58.64 -118.41 -47.2 45.09
-263.21 -55.04 -79.4 -50.79 12.52 40.8 -112.83 -49.69 -210.3 -19.28 -30.37
-177.26 -34.04 -57.93 -61.48 14.16 78.93 27.05 -67.83 -268.36 0.06 -47.65
61.39 -30.7 -85.61 -88.08 51.4 30.72 35.72 -50.37 -117.04 7.79 -15.4
49.64 -55.8 -83.62 -105.03 63.59 100.3 -45.17 -10.34 -150.43 -15.93 -15.07
18.27 -72.04 -58.1 -70.16 -38.78 58.08 -43.89 52.74 -81.64 -12.27 39.51
-134.46 -117.42 -34.26 147.75 4.18 122.9 -77.46 82.46 -100.21 -38.53 25.96
-53.68 -131.94 -21.27 -5.29 70.8 17.29 -41.91 -24.84 -51.13 -64.71 59.89
-46.14 -96.15 -2.97 -31.54 58.25 52 -6.5 225.3 -12.18 -56.9 94
-33.03 -73.33 -1.95 2.68 34.4 51 -7.01 70.17 -8.83 -50.87 33.1
-83.01 -88.76 -0.27 53.89 20.37 15 77.7 153.79 -9.7 -70.4 43.2
-91.32 -40.05 -29.43 -7.33 18.87 38 -47.39 80.74 31.49 -36.35 46.84
-182.78 94.87 -50.84 4.83 -2.99 20.67 -94.33 -63.07 -118.33 -18.88 18.72
-277.29 21.36 -68.32 -58.7 34.86 -26.06 -106.84 -55.66 -221.78 25.33 8.57
27.48 -27.22 -51.87 -30.48 -41.73 154.51 -23.28 -1.67 -362.5 -19.16 -32.52
57.53 -22.42 -108.9 -107.16 -14.19 9.15 111.34 -33.52 -183.12 2.13 -32.16
146.85 -46.93 -22.03 -106.79 -29.9 -18.73 116.88 -81.09 -99.45 -14.97 55.48
-0.18 -76.81 -64.21 -96.15 36.59 82 -80.98 7.2 -178.03 -17.19 20.96
-123.38 3.86 -47.44 -54.53 -28.76 29.65 -35.22 47.68 -104.99 -48.1 113.34
-83.19 -22.49 -17.81 53.41 5.71 43.6 -41.32 88.12 -41.61 -52.24 35.59
50.17 -124.86 12.75 -21.21 54.59 41 1.36 79.91 97.08 -57.66 54.6
-33.15 -153.51 -5.97 39.27 63.62 27 -20.65 116.92 19.61 -83.71 34.4
-45.32 -143.95 8.56 -3.13 -0.9 35 20.51 37.73 7.13 -46.61 40.1
-103.57 -51.1 14.64 55.88 1.36 44.85 -5.05 56.35 -45.69 -49.98 34.01
-199.39 27.95 -26.18 -17.87 -22.18 -2.81 -71.27 -14.79 -142.29 -24.09 24.52
-255.78 -10.06 -41.02 -45.32 -10.79 -3.01 -58.53 36.2 -199.33 -9.44 45.38
-211.63 -14.84 -107.82 -64.08 -38.08 -22.11 30.7 -14.07 -314.44 -24.47 2.81
279.79 -29.32 -27.22 -105.1 -15.75 -21.89 67.13 -37.72 -130.33 -12.32 13.38
124.35 -41.53 -60.24 -66.88 -1.58 -3.01 10.91 2.01 -27.37 -18.77 -11.55
-35.7 -79.1 -75.1 -66.15 -18.09 25.24 -49.17 -49.38 -254.73 -21.47 4.76
-53.33 -68.32 -49.53 -75.62 21.37 68.85 11.05 5.62 -89.74 -50.29 65.37
-67.18 -124.5 -0.47 14.47 19.82 32.52 39.07 -38.53 -44.75 -44.9 36.8
-44.03 -137.62 20.95 53.15 42 25.47 -10.97 27.71 -4.72 -31.78 21.4
-30.25 -172.22 -5.49 21.27 50 36 16.71 15.94 -7.37 -55.76 41.8
-69.4 -101.13 0.72 14.84 53.98 56 32.19 45.77 -5.9 -22.65 43.1
-158.75 -72.69 -2.6 0.12 47.82 35 107.41 -9.29 -27.7 -54.27 5.9
-229.35 -3.77 -5.01 46.05 -18.7 11.75 -87.88 17.2 -102.36 12.32 23.19
-297.66 -33.83 -44.13 -43.55 -36.15 50.92 42.8 -39.86 -185.22 31 -7.4
-176.32 -34.85 -87.93 -75.64 90.71 43.45 -50.34 -19.89 -273.09 35.94 -53.21
183.83 -40.39 -104.43 -91.06 -36.95 -17.51 15.96 -51.56 -50.16 6.38 -4.29
179.26 -47.93 -99.47 -99.28 -3.09 72.8 149.4 -38.29 -194.67 16.51 -43.87
135.7 -68.23 -63.04 -30.31 -31 10.16 -43.91 -36.75 -187.93 -3.06 47.11
-131.12 -54.73 19.75 253.1 -33.89 50.47 -40.23 163.72 -142.81 -40.84 13.5
-11.12 -126.25 -12.95 19.49 41.32 47.3 24.57 199 -57.11 -50.41 127.26
-45.78 -139.12 8.87 -10.13 64 62 103.75 2.75 -19.88 -44.64 28.4
-42.4 -162.28 -3.27 7.81 12 74 61.24 238.75 8.27 2.28 42.2
-53.2 -127.89 -8.65 -33.85 104.27 55 76.03 296.85 1.27 -45.22 25.5
-116.32 -103.84 -7.26 -21.08 31.59 81 103.88 -0.93 -33.17 -33.98 66.9
-243.03 -77.48 -35.75 -38.02 14.74 19.25 -82.56 -48.64 -190.1 -15.05 67.93
-304.95 -15.5 -68.84 -53.96 -28.86 -12.13 -11.04 -11.31 -292.85 4.96 -19.04
92.39 -14.27 -89.56 -78.32 -18.69 34.93 -92.9 6.9 -287.52 -6.9 -59.52
-28.36 -11.64 -94.71 -101.83 45.09 -43.01 -98.31 -34.81 -274.02 -6.23 67.26
70.61 -40.52 -61.79 -109.53 -21.59 -39.26 43.7 18.75 -61.88 -19.12 -44.23
153.05 -66.56 -61.39 -99.09 -33.67 10.13 -60.3 31.45 -194.8 -26.64 29.84
-127.01 -63.64 -30.69 21.22 49.59 5.76 -91.85 0.49 -147.9 -2.14 81.25
-59.36 -119.54 -16.71 -37.13 78.51 37.42 -12.28 25.98 -44.25 -72.87 65.48
-41.98 -49.43 0.41 89.51 23.58 66 -9.84 20.92 -18.66 -61.89 69.3
-36.88 -66.59 4.5 -19.79 17 78 -11.81 50.54 -9.79 -51.09 48.1
-59.2 -70.6 -3.61 -0.25 23.77 19 63.63 55.4 -7.53 -55.95 36.6
-116.61 -82.61 -24.74 46.47 63.01 18 -27.32 176.08 -67.48 -56.06 29
-257.29 -51.6 -19.18 0.1 -17.61 14.77 -27.46 2.83 -156.43 -31.75 2.16
-240.87 7.61 -58.88 32.15 -27.56 23.18 -8.14 -8.76 -212.46 -5.02 -37.25
-87.72 -32.79 -103.34 -67.76 44.85 -17.54 -89.98 15.17 -271.33 -3.19 -45.09
286.93 -25.94 -93.5 -108.52 -61.01 54.8 32.51 -26.85 -125.14 -1.54 -47.4
64.02 -38.58 -82.42 -114.59 -33.17 -19.86 28.62 -63.79 -144.86 9.07 15.07
36.58 -84.87 -41.39 -61.92 -1.28 71.48 111.24 -16.76 -165.57 -0.05 20.31
-87.32 -66.89 -11.22 288.75 -16.31 59.68 -5.9 58.23 -94.59 -40.66 24.82
-63.56 -102.61 -3.22 108.25 46.43 32.75 -28.47 12.11 -54.65 -16.8 29.2
-34.94 -43.21 34.64 112.54 13.49 42 -53.18 45.77 -20.96 -32.4 38.8
-43.69 -48.71 -2.21 -4.62 31 84 -46.94 48.27 -0.41 -58.39 8.1
-42.6 -59.29 -12.01 -24.03 43.39 37 77.32 60.69 -0.62 -59.43 21.3
-146.33 -2.84 -37.99 12.57 4.42 97 16.68 8.77 -44.38 -56.13 16.1
-197.38 -51.67 -48.77 -40.05 50.65 22.24 -74.71 -33.6 -126.29 -28.91 44.39
-289.79 -41.19 -65.83 -25.88 77.84 0.22 -70.94 -33.27 -282.71 -11.84 -15.46
-189.12 -32.37 -89.96 -46.91 -50.08 27.58 -20.11 -82.9 -357.83 -8.9 -31.24
-53.09 -34.17 -97.04 -99.81 36.14 -30.62 7.75 8.71 -187.64 21.03 3.38
233.7 -44.92 -30.91 -67.53 -4.22 -60.53 85.61 16.82 -122.88 -5.85 124.25
-92.51 -80.61 -58.77 27.9 -19.45 45.82 -123.92 28.56 -108.31 -21.45 -21.85
-136.57 -104.62 27.35 56.36 4.76 30.11 -31.33 105.41 -101.56 -15.5 6.48
-73.53 -130.8 6.51 93.19 12.27 72.86 22.79 58.75 -44.92 -76.04 55.61
-50.46 -157.28 5.14 -4.35 -1.14 54 2.23 -66.69 -11.42 -45.28 26.64
-42.28 -146.6 20.62 -25.65 40.42 39 55.37 123.72 4.48 -52.55 16.8
-71.64 -74.75 3.36 -25.05 28.9 25 38.64 30.75 -17.25 -62.4 23.7
-130.48 -94.18 35.09 15.55 26.24 30 29.48 10.53 -21.66 -56.91 23.94
-281.55 32.03 -8.42 -9.5 98.97 34 -11.06 -47.45 -187.1 -13.77 46.24
-341.36 -42.31 -49.74 -53.01 -42.58 89.13 -116.01 -20.03 -267.32 -26.18 -7.39
-213.19 -41.22 -68.62 33.11 32.35 -34.37 -55.02 -53.91 -346.72 44.92 -32.7
645.38 -37.01 -76.16 -80.97 -47.39 11.38 -51.78 12.91 137.34 25.3 -63.51
374.15 -33.01 -90.27 -107.87 -37.19 134.39 78.03 -47.79 -4.64 -5.14 -33.74
343.51 -46.05 -53.13 -82.24 -5.17 17.05 66.41 -5.11 -177.56 -33.62 73.53
-40.35 -93.16 -39 -48.22 1.26 84.85 -87.7 49.27 -133.53 -42.61 55.49
-68.18 -13.55 -17.27 -43.73 28.7 50.41 -9.99 128.17 -47.96 -49.15 38.2
-39.95 -68.34 -2.05 42.29 31.14 15 106.28 103.24 39.24 -76.88 32
-38.69 22.93 19.9 -32.47 69.16 120 -78.36 145.53 -6.18 -60.59 34
-56.09 -40.25 -4.93 19.81 -0.03 22 -14.93 16.77 -22.26 -79.08 37.05
-160.6 29.76 -16.7 91.81 -19.34 13 -21.95 151.06 -77.63 -53.34 17.86
-244.23 -9.37 -44.35 51.55 -27.85 61.77 -71.97 -30.05 -192.76 -24.75 -6.33
-267.55 3.22 -85.29 -44.81 -4.65 5.95 -103.31 -66.06 -253.97 -7.67 3.61
-202.13 -29.42 -95.96 -64.84 23.63 34.81 203.19 61.26 -213.19 -24.39 -18.66
3.87 -34.82 -55.41 -71.31 -18.02 -52.97 -68.28 -68.32 -55.06 -9.15 -0.06
335.59 6.5 -80.17 -79.21 -64.87 112.12 -51.37 -71.94 -192.54 7.88 13.19
-52.49 -66.98 -37.03 -72.01 -45.68 49.24 -68.39 -34.51 -234.16 -38.79 70.62
3.23 -77.51 -2.79 -28.64 85.36 19.02 -87.84 95.61 -121.99 -40.63 131.91
-58.13 -36.53 -10.36 -43.57 30.27 70.26 -62.45 28.35 -40.24 -58.45 72.91
-39.54 -113.52 11.85 -30.86 75.88 40 30.94 77.35 -0.29 -58.27 113.91
-31.44 -87.68 6.22 -30.16 19.3 66 -29.87 41.08 16.99 -67.9 37.65
-55.33 19.64 17.32 1.52 -2.5 41 -19.84 205.94 -1.07 -60.29 10.2
-106.96 46.33 4.02 100.33 25.97 70 -36.91 -92.84 -14.39 -69.04 23.74
-237.49 -47.87 -28.32 -27.48 11.22 64.49 -77.57 -65.22 -150.27 -17.79 40.75
-291.53 -25.25 -44.38 18.54 9.41 135.82 -106.18 -39.71 -284.38 -30.49 -10.71
-63.62 -26.41 -101.68 -60.38 88.67 51.96 53.14 -62.85 -202.92 18.98 -43.29
168.35 -22.47 -79.55 -111.85 42 72.8 -4.71 21.25 -13.23 -8.37 6.56
248.27 -43.99 -77.51 -93.87 -24.77 -12.04 -71.05 -93.03 -111.5 2.64 -19.49
-16.06 -82.08 -36.23 -44.34 -57.15 24.36 123.71 -44.95 -65.11 -35.24 -6.13
-20.58 -54.89 -48.09 29.3 15.4 33.53 -3.57 48.69 -148.75 -57.85 -0.98
-56.4 -38.68 -8.47 0.47 16.91 59.25 -62.73 119.19 -43.41 -36.99 28.72
-42.69 33.22 2.39 126.18 30.45 51 -12.62 104.31 -19.93 -43.17 39.5
-45.73 -1.85 -2.22 -23.29 90.04 59 -14.01 138.5 8.27 -50.68 22.6
-68.82 22.71 -6.74 -10.22 16.51 41 -32.62 285.04 3.75 -68.77 11.3
-134.14 7.39 -16.4 -34.59 -2.17 28 -38.29 12.99 -19.89 -44.12 30.1
-216.92 -2.45 -35.31 12.5 -2.39 56.82 -33.5 73.9 -127.68 -1.11 7.39
-286.28 -18.01 -46.05 8.1 36.58 -21.08 90.72 101.31 -210.83 -16.53 -21.58
80.31 -11.01 -87.92 -34.16 -19.62 34.65 45.62 7.37 -201.78 -3.41 -15.25
19.93 -18.03 -83.17 -93.22 -49.13 -39.21 -44.43 95.2 8.59 -14.41 -15.9
225.1 -38.74 -90.66 -80.21 -21.43 -14.83 17.55 74.77 312.02 2.68 -19.57
21.64 -68.69 -72.6 -59.67 26.76 19.72 12.63 7.56 -87.89 -15.64 20.75
-138.7 -38.81 -38.18 -31.96 9.39 90.04 -50.19 -4.71 -126.05 -0.43 15.55
-1.44 -97.7 -6.01 -30.48 45.41 63.55 -3.33 86.01 -40.51 -2.64 32.79
-59.37 -62.97 3.02 80.38 30.39 36 19.58 152.52 -19.14 -1.72 49.1
-40.56 -83.72 22.33 61.91 54.46 58 57.1 165.42 17 -33.04 31.3
-66.7 -59.72 -8.83 -36.87 47.16 54 34.49 8.52 -31.7 -33.78 34
-165.52 -28.93 -0.67 -30.25 27.78 20 -63.73 26.39 -69.6 -39.84 24.3
-218.2 -69.23 -21.03 -13.31 17.39 32.16 -63.59 -1.27 -120.28 -34.5 87.91
-259.56 -24.55 -69.04 26.3 -36.92 41.2 -100.14 -39.67 -168.52 -9.23 -21.83
-105.87 -18.63 -110.3 -47.4 -34.7 -27.35 -111.73 -36.69 -228.81 7.78 -20.2
106.02 -25.15 -105.59 -66.06 12.07 21.89 -36.44 -84.48 -54.1 16.32 96.23
174.24 -25.71 -60.3 -86.89 26.82 10.98 -20.67 -61.23 -185.82 -4.21 -31.14
134.56 -29.07 -69.29 -11.94 -9.16 13.9 -57.25 13.36 -167.5 -13.88 29.55
-148.27 -68.96 -35.67 -5.84 -28.28 -22.78 -81.32 -31.15 -148.45 -33.5 63.13
-34.34 -90.36 -12.58 5.68 -3.38 75.09 -17.05 51.82 -76.66 -60.85 116.67
-49.66 -137.98 -8.57 30.29 21.42 69 56.52 122.79 -17.42 -61.95 27.8
-39.23 -83.37 27.09 -11.9 20.21 63 51.18 33.95 -3.57 -53.13 14.7
-56.78 -127.21 15.79 -27.95 28.39 24 114.76 54.87 -11.93 -82.78 6.9
-109.3 -79.2 -18.21 -31.94 13.49 63 12.38 124.54 123.25 -48.99 42.8
-219.78 6.64 -50.59 2.65 -2.68 21.86 -67.11 -87.89 -146.96 -17.32 9.35
-322.23 -41.31 -42.35 -32.04 48.12 46.67 -8.4 53.92 -361.97 17.51 -44
-97.42 -14.23 -84.72 -75.76 -21.31 23.17 -116.22 6.64 -340.02 -19.45 -18.63
135.06 -39.35 -129.32 -95.08 -35.26 -37.69 -24.25 -4.03 67.59 39.3 -2.87
392.89 -35.19 -48.24 -107.36 -43.7 57.01 -19.6 -52.41 -166.7 -12.68 60.89
-102.64 -44.42 -72.95 -101.43 -14.29 28.35 -79.97 -33.73 -109.11 -9.57 48.5
-120.04 -54.25 -28.34 -61.91 -19.56 23.96 -21.83 -23.4 -142.34 -53.08 -2.84
-70.16 -135.02 -0.31 5.89 21.31 48.04 -87.54 324.59 -51.85 -52.08 29.3
8.38 -127.39 15.91 -24.24 13.87 39 20.84 144.56 -24 -79.07 7.8
-24.14 -92.73 25.21 57.7 40 36 117.91 53.37 -2.82 -78.05 37.7
-44.98 -79.39 2.53 -33 49.15 57 40.72 12.85 29.43 -70.95 18.7
-106.57 -81.6 -24.17 -31.84 87.89 141 6.55 -39.42 21.89 -63.31 28.6
-231.55 -65.34 -43.33 -23.15 40.02 32.55 -88.74 -1.84 -149.92 -49.14 18.27
-273.04 -40.73 -7.02 -12.54 -50.05 32.57 332.89 18.36 -200.87 20.11 -17.24
-82.67 -29.33 -76.93 -83.89 80.57 -7.65 -101.07 -61.06 -304.18 -22.14 -21.65
-8.97 -2.82 -110.9 -96.43 -4.71 -14.18 -31.14 -13.95 -123.93 4.91 48.39
291.58 1.07 -78.86 -111.96 -37.67 -72.93 157.57 116.42 -172.23 5.64 -6.26
-162.88 -65.14 -89.37 -48.89 -26.65 76.85 191.81 51.96 -122.06 8.14 24.76
-132 -33.43 -56.38 -22.1 -17.4 146.15 -106.11 -15.71 -127.05 -50.56 -6.8
-27.94 -79.13 10.2 -40.8 87.51 113.16 -49.77 80.41 -51.96 -41.03 88.92
-47.21 -150.87 14.35 -35.61 26.21 45.08 -6.21 -2 -24.1 -62.15 35.6
-50.73 -137.64 10.41 74.38 25 77 2.27 35.16 6.06 -51.46 19.5
-69.44 9.99 -4.26 98.62 27.24 17 26.53 108.36 -23.03 -38.61 6.5
-134.48 -43.86 -7.47 -29.33 22.62 81 10.36 -6.37 -25.23 -17.93 15
-264.84 -70.96 -21.78 7.14 98.24 35.69 32.57 15.38 -179.02 -46.76 0.47
-326.77 -49.18 -48.04 -17.24 -29.15 -16.16 -24.63 -90.78 -329.97 0.41 31.11
239.24 -28.91 -117.56 -58.09 -16.78 84.54 -65.09 10.35 -241.02 -16.78 -46.5
164.23 -32.1 -138.1 -92.73 0.7 -59.21 -40.01 -59.72 189.76 2.67 -22.74
204.58 -30.65 -52.28 -112.14 -36.29 7.73 20 29.41 89.03 6.64 41.69
-119.1 4.28 -44.83 -102.45 -17.6 -31.8 -55.86 -11.83 -137.94 -28.98 16.32
-153.15 -111.51 -40.83 -64.42 36.65 14.49 -69.58 -30.72 -119.57 -48.44 106.32
-94.16 -2.44 -10 25.1 61.6 -9.92 8.61 51.26 -47.2 -50.36 70.1
-22.02 -110.65 6.76 -22.13 62.59 87.13 -17.66 160.34 -10.73 -66.92 86.3
-31.08 -89.24 -6.77 -18.75 21.5 56 -0.34 84.18 106.29 -68.69 40.9
-75.29 -36.16 0.43 -10.05 10.68 27 95.99 87.19 -1.56 -60.6 12.3
-123.88 -24.73 -2.83 -42.03 -12.27 43 -1.08 28.52 11.68 -37.38 43.6
-234.14 -65.88 -48.24 97.93 -16.17 60.24 -91.62 -48.33 -150.68 -45.99 -4.38
-291.63 -44.46 -59.63 -56.68 -15.93 127.19 -69.14 -55.42 -275.72 31.57 -15.46
-158.09 -23.48 -108.4 -76.98 -27.03 16.36 77.42 0.65 -336.03 -6.91 65.61
113.89 -31.12 -101.39 -97.71 6.63 34.1 -128.53 -2.4 251.65 64.85 8.76
348.91 7.41 -72.55 -90.15 -41.05 26.72 33.56 -60.34 -150.02 -3.81 38.85
-8.48 -52.79 -79.78 -87.58 37.91 25.65 12.81 -84.2 -228 -34.83 -2.01
-98.77 -52.88 -10.35 -59.72 3.62 21.99 -83.62 113.26 -102.03 -65.18 104.91
-13.41 -82.95 -15.34 -50.85 35.96 30.32 -39.97 51.85 -19.28 -64.65 104.77
-45.15 12.54 -12.1 -38.94 67 47 58.98 6.79 -19.1 -66.63 76.8
-15.32 -137.61 2.69 -9.01 57 46 13 113.05 6.58 -46.84 35.9
-43.6 -110.7 -5.23 6.53 13.31 8 -14.45 247.04 17.86 -80.66 9.4
-102.96 -66 -4.66 86.67 -1.58 39 8.33 39.92 75.45 -57.43 26.5
-195.77 9.61 -46.39 109.62 -13.04 55.38 -38.87 -50.92 -101.37 -48.74 45.6
-237.42 -52.18 -54.85 -38.87 2.14 -1.98 44.05 -26.78 -119.28 -29.66 -11.63
-189.47 -4.14 -106.91 -72.44 -16 -12.32 50.92 77.95 -269.44 -6.63 8.34
77.65 10.4 -92.37 -125.25 -10.73 12.56 98.98 -31.64 -254.49 16.7 -36.27
22.05 -45.47 -91.14 -18.72 -60.48 -24.76 15.46 -11.18 -20.87 -19.21 28.96
4.78 -87.99 -55.67 -46.57 -41.16 -1.61 123.35 -81.09 -234.68 -7.52 -12.28
-33.6 -53.79 -37.68 72.91 16.95 -13.91 -49.63 103.71 -140.05 -5.86 19.41
-17.44 -105.55 -1.49 -25 -12.74 74.93 -60.68 51.1 -28.86 -47.6 112.53
-61.58 -140.34 16.27 -33.46 40.43 32 -33.09 162.85 4.82 -59.81 79.32
-40.64 -183.72 23.55 -27.5 38.31 34 0.88 110.43 44.88 -60.65 75.01
-48.63 -145.35 7.04 -7.38 46.86 25 150.6 142.58 16.02 -57.13 3.7
-115.37 -111.15 -9.34 -36.8 -17.48 29 146.15 64.54 22.53 -60.03 29
-171.5 -98.99 -31.82 -48.75 21.26 -27.78 -0.42 91.74 50.63 2.64 -5.18
-297.64 -24.53 -60.05 -69.52 6.92 9.78 -18.68 97.56 -95.98 24.54 -10.65
-127.65 -15.76 -73.28 -80.59 35.9 34.08 25.7 148.05 -272.9 -8.92 -0.7
171.75 -22.85 -117.01 -108.74 -89.14 16.98 -5.92 -36.92 -107.61 -32.51 -51.84
148.47 -43.02 -119.82 0.03 -53.37 36.71 58.05 -52.65 38.49 7.62 -14.64
44.3 -70.86 -80.91 -106.38 -10.11 39.76 25.22 177.32 -195.55 -44.82 46.69
-14.84 -95.03 -23.48 -61.91 -13.53 15.88 -70.77 52.31 -89.39 -34.72 71.81
-89.54 -57.59 -9.84 90.09 5.73 28.06 0.91 38.35 -49.52 -52.73 40.4
-40.77 -132.11 4.27 -24.75 12.31 28 85.19 18.88 -20.15 -75.69 77.6
-36.16 -172.92 5.02 -20.21 21.12 48 12.21 111.6 -10.72 -25.32 101.8
-39.09 -110.29 -11.61 46.71 52.02 24 40.34 -17.22 52.15 -57.92 39
-144.87 -68.84 -8.81 2.76 28.71 49 -25.04 39.3 -68.97 -67.74 41.1
-247.34 -67.13 -26.46 -22.27 18.12 4.23 -46.24 0.53 -137.55 -34.46 -7.13
-325.9 -12.38 -87.66 15.87 3.16 6.9 -51.7 10.63 -350.71 6.05 -20.62
-182.44 -30.41 -92.57 -67.16 -28.79 -29.48 -69.7 -81.7 -372.16 -4.11 2.33
50.36 -31.96 -96.72 -106.29 0.25 -8.36 20.1 -50.22 -32.22 9.35 45.33
531.93 -47.71 -44.28 -99.2 -29.85 18.53 -25.41 43.59 2.74 2.71 -25.68
-104.27 -84.33 -58.7 -80.68 11.93 -21.8 -40.57 86.33 -83.89 -13.43 65.67
35.74 -54.25 41.21 -52.45 5.2 20.91 -107.81 -75.47 -120.11 -17.63 109.1
-69.3 -91.94 -2.21 77.15 14.77 2.59 -35.31 29.41 -55.02 -69.53 30.16
-48.24 -118.7 29.42 -25.06 29.98 36 -62.64 29.39 3.66 -92.09 65.6
-45.61 -117.61 9.36 3.37 40 76 29.16 77.41 -15.09 -77.27 19.9
-60.98 -33.5 4.9 -21.79 25 75 4.25 147.46 -32.57 -77.94 21.4
-166.75 -59.94 -8.38 -25.93 33.66 17 -29.95 39.1 -77.21 -13.62 43.7
-205.12 -78.75 -8.62 -43.23 -23.84 2.07 -69.17 -82.86 -131.92 -22.84 27.43
-324.51 -49.8 -43.42 -11.14 9.9 -8.62 -140.54 27.78 -288.98 24.22 18.92
-211.92 -34.83 -93.39 -88.19 3.46 -25.04 -18.6 -46.52 -282.41 12.56 -0.17
21.87 -29.92 -89.02 -121.85 -44.43 73.02 -5.4 -61.29 -19.51 -14.35 18.67
322.43 -62.88 -104.05 -92.35 51.96 -17.82 42.93 -62.57 -99.69 -21.78 14.7
-47.26 -81 -38.84 -66.48 -33.27 59.44 75.69 30.73 -144.79 -19.59 17.94
128.97 -61.57 2.51 -37.22 -20.71 78.52 -20.57 -86.64 -85.05 -44.16 1.29
-75.15 -124.36 -16.76 3.7 96.85 62.52 -75.52 -27.92 -60.95 -40.62 99.63
-60.13 -32.06 -3.68 -19.16 51.29 92 -3.07 56.73 -8.72 -67.28 79.9
-48.09 -91.78 -8.3 -27.24 38.36 62 27.3 109.12 -9.68 -79.49 63.3
-61.38 -68.2 8.81 -8.08 44 20 -15.99 134.25 16.72 -66.63 7.1
-136.44 -84.71 -30.02 -34 0.27 60 53.11 105.12 -39.13 -19.55 28.17
-237.58 -90.32 -40.67 -9.41 -29.93 22.44 -50.77 -31.12 -133.64 -20.37 -14.21
-296.11 -65.32 -42.56 -60 -15.95 36.96 -66.51 -12.82 -197.51 42.45 -7.06
-159.43 -24.2 -36.4 -85.15 -16.9 -29.2 -36.69 -69.58 -264.77 12.28 -37.54
236.85 -30.01 -70.65 -65.8 -43.57 -33.31 -18.56 -37.31 -16.2 -10.89 31.47
276.15 -33.03 -56.42 -89.55 61.63 -37.08 -33.3 15.83 -121.59 -36.59 122.88
-78.24 -58.68 -66.76 -45.26 -23.07 50.77 -72.06 -46.19 -152.72 -40.47 45.85
-112.11 -76.33 -5.05 222 -6.55 32.07 34.07 -52.92 -122.76 -52.61 55.88
-90.27 -100.95 17.55 9.04 26.7 9.25 -85.84 77.28 -63.15 -21.93 116.04
-42.72 -161.07 5.12 -30.05 51.59 70 -11.79 263.53 -8.81 -61.03 45.5
-39.91 -147.07 15.34 75.97 82 75 51.16 302.26 10.49 -58.31 14.4
-71.77 -100.12 5.48 34.33 69.42 18 -8.35 46.32 10.18 -59.95 36.9
-135.37 -93.46 -17.27 -36.9 47.69 35 244.63 58.56 -28.47 -65.02 27.6
-238.07 -50.47 -19.77 -48.77 -26.19 -2.64 -50.59 -26.46 -160.87 -34.36 -14.28
-256.39 -64.58 -53.3 -47.39 55.43 -13.93 -58.07 160.59 -49.69 -32.88 9.8
-135.56 -28.55 -99.84 -89.74 46.9 -22.97 -87.85 131.35 -280.4 -12.08 27.27
-6.74 -14.96 -97.77 -70.12 -4.05 65.05 -23.48 -78.47 -203.7 45.57 -8.04
229.42 -38.93 -33.48 -117.87 -27.56 -5.38 33.3 -54.1 -240.56 18.06 14.83
-151.61 11.35 -82.64 -75.35 -33.68 -33.31 -41.54 -21.14 -277.22 -29.96 102.75
-88.67 -88.26 -51.24 -34.6 -13.22 20.95 -49.29 -13 -120.17 -41.05 -0.57
-72.52 -97.23 -10.25 64.69 9.93 68.77 37.48 18.12 -60.33 -53.13 49.9
-25.14 -110.52 4.06 16.64 51.49 67 -38.27 19.76 -23.33 -83.77 36
-60.52 -188.1 -0.33 16.34 7.48 39 39.22 142.31 -14.36 -76.36 51.5
-87.95 197.58 -16.97 -27.9 48.49 19 4.05 165.3 -17.68 -87.44 59.4
-125 -23.36 -4 -48.3 47.45 57 46.6 66.95 15.6 -47.53 52.8
-249.51 44.83 -9.16 9.38 -11.47 8.69 -35.78 -19.45 -199.39 -29.23 13.21
-347.86 -47.18 -57.6 -42.25 -21.34 -0.29 -79.92 125.97 -357.86 -42.92 -46.95
-117.97 -16.52 -76.81 -30.54 -32.94 -24.72 -26.06 -5.02 -302.91 18.76 -22.49
159.76 -28.66 -65 -115.78 -34.13 2.33 -87.89 -46.09 -15.08 -9.5 -14.05
175.47 -49.53 -27.06 -119.1 -17.88 9.34 105.69 -54.74 -5.93 -9.99 45.51
10.92 -22.14 -13.08 -19.91 28.64 -30.01 176.75 -67.18 -108.19 -42.79 53.09
-7.23 -20.66 -55 -56.18 -29.1 14.87 -98.96 79.38 -98.07 -3.47 62.24
-61.71 -70.2 -16.16 32.22 41.54 68.49 67.12 -22.22 -60.53 -61.29 8.6
-49.56 -66.08 -2.56 -30.51 53.1 54.86 -4.99 165.87 20.56 -56.72 65.1
-36.41 -74.35 9.48 -0.72 8.44 46 -25.12 221.54 35.17 -24.01 31.75
-69.07 -57.65 -6.16 59.07 7.62 13 -43.83 192.46 -15.45 -59.43 75.07
-103.36 -101.27 -27.39 13.41 -10.07 120.66 -32.87 58.61 -35.72 -62.13 65.13
-213.48 -8.5 -63.7 -11.35 46.67 67.67 -73.05 -19.65 -135.23 -7.68 11.95
-314.65 -38.1 -88.06 -32.59 30.29 39.15 -130.79 -48.86 -269.14 -37.29 -12.71
8.45 -23.27 -112.31 -80.79 14.98 32.82 17 -25.74 -325.08 20.39 -44.49
-96.35 -27.02 -86.25 -118.86 -34.22 -17.63 45.26 76.16 -18.23 -21.65 15.17
72.46 -53.83 -95.88 -116.18 65.63 90.43 24.37 -56.9 -98.2 -15.68 32.88
39.64 -61.89 -82.58 167.6 -5.3 -4.73 -16.08 -0.79 -177.05 -11.69 -23.95
-137.63 -101.12 -25.3 -46.58 -17.17 -8.95 -65.82 -15.81 -138.77 -49.01 22.98
-99.26 -103.16 -24.14 138.76 9.05 73.76 -21.48 -21.39 -50.73 -35.26 39.71
-49.46 -126.83 2.48 161.39 -4.75 59 95.42 18.56 -22.53 -46.6 52.6
-66.09 -133.83 1 60.69 -2.85 81 -46.07 135.06 -19.54 -52.89 92.9
-55.99 -64.01 2.67 -49.69 46.7 26 40.43 14.25 91.87 -84.13 99.67
-111.16 -46.34 -19.02 -31.9 -2.86 110.59 -34.56 88.57 43.71 -33.12 31.46
-234.25 -4.39 -9 -12.85 52.53 49.29 -55.36 -53.21 -129.15 -6.4 -14.59
-231.11 -49.12 -60.19 -27.13 -21.79 17.33 -110.26 -18.15 -283.82 43.85 -12.72
-100.72 -9.68 -119.2 -94.5 -4.11 -12.72 -43.89 -32.53 -329.71 -2.85 -35.94
140.59 -26.02 -57.77 -111.21 -26.34 -27.28 80.78 62.77 -75.62 6.99 49.23
352.29 -40.23 -60.19 -130.91 -71.57 46.33 -102.32 -18.3 49.1 57.66 -28.31
61.62 -83.63 -71.7 -82.59 15.26 91.34 -112.97 44.6 -40.57 -7.25 40.34
-113.83 -106.13 -50.66 59.06 -3.64 -17.29 -64.55 3.12 -121.91 -43.83 52.43
-84.93 -125.88 0.85 -19.01 27.47 30.75 -63.71 -62.61 -59.12 -1.75 55.2
-33.26 -116.01 13.29 7.35 37.1 42.7 -58.65 1.46 17.86 -33.92 52.66
-38.79 40.36 9.44 75.24 -1.78 37 -1.8 145.34 -16.13 -62.43 84
-76.28 -82.2 -18.43 39.16 17 52 -41.41 234.52 14.22 -45.15 17
-137.1 41.23 -19.46 37.17 0.49 28 49.04 330.04 -41.94 21.25 24.16
-219.35 -91.03 -48.02 -8.56 -7.16 26.58 -85.76 70.34 -58.83 -16.16 0.94
-318.98 -57.55 -48.17 -32.96 132.65 -17.49 13.08 -56.2 -226.58 -20.37 -7.47
-44.17 -1.95 -87.96 -70.67 -21.55 8.47 -65.95 -1.85 -218.35 3.5 15.66
205.99 -27.92 -50.9 -107.94 -9.39 -6.34 80.15 -43.24 -281.4 -8.63 -54.25
1.33 -37.8 -81.08 -97.36 -23.58 -47.94 6.6 -47.35 -92.04 -6.84 19.38
-121.26 -60.11 -50.33 -51.33 -52.07 5.65 -81.57 -15.5 -196.08 16.78 13.39
-131.73 65.86 -51.48 40.68 -5.58 55.39 -94.3 55.21 -117.87 -38.47 21.45
-85.27 -87.73 31.04 -23.02 55.44 3.66 -26.68 -72.45 -57.17 -33.24 90.84
-51.79 -113.58 30.45 113.83 73.26 66 -36.07 90.44 -25.78 29.2 46.68
-50.92 -180.32 12.79 -10.75 20.44 37 1.71 74.8 58.08 -61.97 49.49
-67.5 -160.81 -10.91 33.81 31.53 21 43.7 144.32 8.66 -62.66 49
-140.24 -78.21 -14.02 -34.54 72.48 19.94 -29.89 138 -49.2 18.37 51.92
-230 -72.6 -54.16 -50.53 -6.36 12.61 -21.95 -52.98 -130.1 -40.11 40.52
-278.73 -54.19 -28.91 -26.87 -44.94 8.57 -103.89 -29.86 -211.41 -15.47 -33.23
-194.63 -25.3 -84.12 52.75 -3.71 -13.42 10.2 -74.19 -320.14 6.78 -38.76
-64.86 -31.02 -64.95 -106.18 -39.65 -4.77 -114.95 -29.58 -160.66 -5.56 -27.68
79.43 -35.04 -56.16 -127.95 -82.03 94.26 36.81 -41.79 -52.9 -23.11 83.88
70.2 -89.52 -74.01 -84.56 -16.82 236.27 -93.87 99.34 -68.94 -5.81 23.53
-73.3 -70.46 -44.4 -6.93 37.29 14.56 -21.28 68.07 -146.84 -36.61 112.68
-79.04 -58.62 16.5 -56.14 60.6 47.39 -18.07 60.98 -51.24 -77.42 81.61
-55.61 -166.1 27.59 67.73 33.12 82 -27.44 64.64 -32.31 -71.43 25.48
-56.56 -116.42 12.49 -20.11 32.38 73 27.01 95.3 6.45 -26.09 72
-72.11 8.32 -8.31 78.65 37.67 50 22.38 141.92 -28.56 -22.79 19
-120.21 -100.59 -29.68 11.64 26.79 28 48.29 -44.69 -19.52 -19.56 26.43
-215.3 -69.2 -51.77 -33.67 -22.63 95.97 -3.81 4.74 -132.96 -35.09 -4.21
-332.24 -39.67 -73.59 -53.14 -47.39 -10.96 -75.9 11.3 -336.72 -24.13 -40.31
-117.81 -28.62 -100.95 -95.96 -14.13 70.02 -86.45 -60.36 -361.21 -12.25 -8.26
230.24 -38.61 -124.18 -105.85 9.2 -58.8 -112.28 -65.73 -65.82 -19.24 44.8
101.75 -40.3 -36.02 -107.17 31.4 -15.85 -55.54 -15.74 -291.16 0.82 63.57
55.43 -96.02 -78.32 -61 -19.77 21.18 -1.18 125.31 -198.4 -29.98 -19.97
-144.08 -9.84 -33.26 38.45 26.73 52.24 -10.37 23.89 -145.61 -47.93 36.76
-90 -92.09 6.91 2.69 36.87 25.72 -69.26 -43.4 -69.81 -72.06 5
-53.78 -69.29 -6.64 -32.7 39.45 50.54 -1.32 56.13 -27.63 -55.15 84
-19.62 -26.35 -7.98 -31.76 13.39 32 56.04 107.93 4.8 -77.56 65
-57.71 -44.22 -6.1 -35.9 1.35 102 -53.17 16.68 -7.21 -27.52 3
-161.99 -93.92 -18.2 -44.08 15.73 42 -52.61 130.25 -88.41 -11.31 62
-212.75 -48.12 -53.52 -0.26 60.29 30.07 -27.89 -5.21 -134.1 25.11 43.56
-340.76 -49.57 -34.33 -65.57 -0.53 -0.64 -134.78 -51.47 -273.87 6.86 20.81
72.17 -19.31 -125.47 -94.05 -35.99 -34.67 -22.45 -32.88 -377.37 -10.18 5.09
69.79 -16.85 -120.85 -127 -19.62 -44.74 122.51 -72.51 -140.04 3.99 -76.41
274.69 -46.26 -59.89 -131.97 -8.37 -0.67 48.48 -70 -178.2 -28.55 12.18
94.98 -86.89 -65.82 67.67 -46.62 99.49 51.48 137.7 -85.48 -5.56 97.72
-135.71 -101.05 -12.4 6.36 8.46 3.66 -38.92 10.34 -120.79 -39.29 41.06
-80.93 -112.14 14.32 -36.68 39.61 40.22 -89.58 4.11 -66.77 -41.23 21.46
-52.28 -151.1 2.22 -37.07 34.9 33 -17.5 171.71 -14.98 -34.95 78.45
-29.12 -88.2 3.56 -38.94 22.57 91 74.96 230.56 6.44 -72.69 53
-68.1 -176.75 -20.68 -31.11 11.73 111 10.71 125.5 27.11 -46.03 67.44
-125.49 7.25 -31.51 -32.43 46.92 38 42.49 176.27 -22.69 -14.29 44.54
-223.28 -79.89 -26.43 -43.49 37.22 51.98 -17.69 77.52 -81.31 -61.3 7.81
-301.7 -20.95 -72.65 -75.87 -0.75 31.7 -133.69 -13.12 -257.48 -0.3 22.25
-161.84 -25.27 -105.16 -85.93 47.44 -36.82 61.95 -20.97 -304.53 0.17 -55.15
275.27 -24.83 -122.17 -120.1 -70.32 77.03 -110.93 -41.99 -62.06 20.59 -30.7
53.35 -50.49 -112.18 -103.19 -3.87 24.32 -11.43 -88.46 -82.85 -0.32 -13.71
-2.58 -92.59 -32.82 -47 72.61 14.76 -31.79 120.55 -187.12 -29.2 41.02
-91.58 -62.49 -58.88 -50.58 -32.83 27.83 -53.45 60.28 -124.91 -44.68 50.46
-88.52 -102.49 -35.56 -56.93 62.95 48.5 -32.02 -23.94 -55.86 -60.83 62
-64.03 -45.51 -8.89 58.66 75.85 81.76 14.56 171.5 -18.08 -82.79 19
-56 -109.54 -7.37 -0.45 48 27 73.18 209.74 1.32 -53.06 8
-87.28 -55.61 -19.99 -8.68 38 10 15.65 165.46 -6.26 -55.74 27
-175.19 -9.94 -23.99 -29.17 23.2 60 72.49 269.06 -46.96 7.38 25
-233.17 4.54 -53.09 -39.12 72.73 -3.65 1.18 -33.96 -182.2 27.51 10.13
-313.62 -54.72 -98.97 -39.98 22.18 53.74 -108.68 -48.88 -261.5 12.22 42.31
-229.4 -31.52 -38.14 -97.83 -6.6 3.27 52.18 -21.97 -54.54 -12.88 -7.25
459.01 5.32 -103.14 -115.68 -48.94 60.85 -120.04 -53.56 -117.59 -22 87.34
84.69 -21.9 -78.16 -112.77 -9.28 -4.06 -11.76 -40.48 340.23 -1.78 -65.23
18.96 -69.32 -42.56 -6.43 88.02 29.53 -32.1 90.18 -153.8 -46.7 2.15
-66.38 -98.42 -8.53 -87.6 10.31 4.01 -42.74 48.32 -127.5 -43.28 42.68
-88.07 37.61 1.29 18.48 -0.79 41.11 -46.07 -15.78 -59.99 -55.27 194.7
-54.44 -70.2 -9.68 41.93 24 63 4.78 193.78 -23.16 -64.88 39
-39.43 -88.61 11.29 59.98 14 52 -21.52 179.89 -15.17 -59.93 43
-66.35 -116.64 -10.27 -38.95 6.26 37 -56.14 41.42 -28.14 -34.79 66
-153.22 35.55 -35.15 -43.16 68.23 26 -73.04 -44.43 -61.49 -62.43 18.2
-194.35 -19.01 2.55 -17.73 33.18 20.42 178.18 -34.79 -71.25 16.22 16.16
-281.9 14.33 -68.94 -45.83 7.81 28.5 -92.94 -8.83 -184.65 -4.65 -14.39
-38.75 -17.48 -78.17 -90.32 -30.45 -7.13 -133.23 49.39 -194.63 -20.25 -15.29
268.73 -18.97 -69.67 -100.41 167.76 -47.68 -7.94 49.38 62.89 28.09 -26.27
196.94 -47.88 -67.49 -101.51 -48.73 62.38 32.86 -66.42 -180.74 -13.61 -17.56
-116.47 -90.15 -37.43 -21.43 -40.07 16.87 155.69 5.16 -190.72 -5.5 15.74
-95.49 -100.69 -42.05 -83.34 -4.37 16.52 -2.67 -18.93 13.4 -38.7 37.19
-90.1 -121.58 -1.29 -40.45 50.62 89.49 23.58 92.83 -40.17 -64.2 46.33
-30.61 -125.09 22.66 1.17 37.18 21.08 355.82 62.11 -13.4 -41.97 28
-40.28 -98.39 -5.58 67.03 19.46 29 66.27 50.55 -17.02 -4.72 64.44
-72.02 -56 6.2 -16.31 -19.92 15 229.04 240.66 -7.89 -44.74 30
-131.83 -22.55 34.26 -44.46 41.96 20.93 77.13 112.18 -41.74 -49.33 22
-273.49 -83.73 -21.74 -50.33 -16.05 -16.63 -83.62 -23.35 -130.29 -57.51 4.55
-355.7 -44.72 -79.75 -2.95 -19.41 8.55 -95.44 42.79 -316.05 16.03 2.07
-239.72 -33.92 -105.56 -99.72 -22 -2.89 -138.94 -53.47 -358.93 -31.35 54.31
66.35 -31.82 -59.29 -128.68 54.19 21.65 144.52 -65.29 -69.41 9.82 55.73
61.38 -46.75 -97.11 -113.6 -44.17 100.36 -18.01 -60.01 -172.69 -5.13 47.23
115.35 -70.57 -106.77 -96.37 62.26 102.14 48.15 -1.19 -167.25 -9.61 -3.03
-144.8 -64.79 -9.21 -68.22 51.76 -10.24 -120.33 117.84 -125.99 -47.18 104.33
-92.78 -63.89 -13.49 -30.83 21.48 80.16 -86.23 -70.13 -60.36 -51.96 33
-62.55 -113.61 -4.19 94.76 31.72 47 -47.03 106.82 -21.42 -47.42 51
-51.18 -142.75 -10.39 -28 10.96 48 25.43 173.27 41.88 -68.52 49
-41.42 -173.98 -19.87 -32.53 105.78 25 -44.38 224.25 -29.63 -57.82 63
-159.84 -148.37 -6.59 26.59 4.68 43 -37.41 61.14 -40.97 -69.63 23.97
-277.99 -98.84 -26.89 -51.04 2.28 11.11 -99.52 -60.25 -234.85 -45.84 24.68
-330.83 -5.98 -57.88 -82.14 27.65 46.14 -98.07 -44.61 -296.85 -12.47 -28.03
0.55 -36.31 -89.42 -94.99 -11.4 -59.84 -47.88 10.25 -272.14 0.06 -52.32
-23.99 -40.62 -80.24 -107.9 -4.96 9.26 -92 -57.76 -195.77 -4.77 -54.85
-22.74 -46.21 -32.81 -135.41 -4.41 -86.2 27.37 -77.9 -135.22 24.34 -0.42
171.82 -20.68 -72.93 -53.62 -11.34 -16.72 -7.48 -12.51 -242.4 -16.52 -16.9
-14.35 -56.21 -49.46 -36.18 -26.71 56.61 -53.14 -19.55 -164.32 -49.4 63.85
-113.93 -161.25 -31.91 -16.25 37.1 20.04 -28.23 79.6 -74.42 -78.89 19
-47.45 26.17 -4.91 -28.63 55.22 97 -23.73 70.16 -28.26 -70.9 109
-56.84 43.56 -6.48 16.84 43.42 82 7.61 194.74 5.38 -29.94 40
-56.81 -120.32 -14.19 -46.93 15.9 10 -42.05 116.12 -15.47 -67.92 52
-137.49 -92.95 4.58 16.94 56.2 31 -77.38 -21.04 -71.35 -29.76 33.3
-303.04 -24.69 -57.71 -49.45 -41.23 141.25 -80.18 -104.44 -224.55 -41.37 10.95
-231.88 -46.31 -93.76 -62.99 -18.08 -23.43 -157.68 -77.14 -342.56 -17.05 -23.55
-124.56 -36.42 -97.97 -82.65 -59.87 0.08 -61.23 -75.06 -234.49 -0.91 9.18
128.78 -27.24 -108.57 -121.52 -10.6 38.11 35.51 1.8 83.55 16.72 -5.95
10.64 -55 -109.48 -114.53 -34.87 -27.3 -43.35 9.53 -184.89 -26.63 -14.49
-135.54 -14.83 -93.38 -100.54 -14.45 150.56 -40.74 22.98 -199.92 -17.05 -33.49
-141.46 -94.46 19.7 183.2 6.06 -7.55 -108.56 -68.77 -174.01 13.33 51.87
-114.22 -95.67 11.46 -44.54 3.31 57.21 -14.37 65.92 -65.13 -45.4 106.78
-64.99 -37.32 -2.41 -21.56 30.33 42 -1.59 69.95 -25.95 -20.91 67.67
-42.9 -138 3.69 -25.88 13.42 11 3.97 -5.99 -3.65 -9.42 50
-91.12 -120.26 -9.91 -1.87 6.36 27 -40.8 141.2 -33.4 -9.43 49
-140.28 -72 -21.72 -65.38 23.17 64 112.45 -8.41 -51.16 -43.98 24
-234.34 -2.73 -42.15 -0.19 -6.45 10.19 -96.44 -99.39 -118.89 -35.69 23.54
-272.22 -38.84 -80.88 -62.69 -40.16 -0.09 -132.9 -3.06 -309.21 -0.75 -28.28
100.64 -18.7 -111.88 -102.15 -23.04 25.59 1.43 -57.83 -167.91 2.98 49.47
10.62 -24.85 -95.01 -123.47 -7.67 95.8 -18.9 -39.08 51.74 3.6 -29.04
-41.96 -35.97 -76.02 -131.37 -44.87 -43.18 -108.24 -58.9 -147.95 3.15 -0.2
-159.91 -30.42 -89.9 80.45 45.24 178.93 149.49 -1.98 -193.34 -27.23 44.55
-83.33 -110.8 -60.28 -57.49 -43.09 71.29 -53.4 95.34 -141.2 -64.57 36.8
-91.3 -48.73 -11.37 6.07 38.93 17.51 -88.91 62.54 -72.56 -64.84 48.26
-64.14 -16.54 -0.9 52.87 53.57 42 -54.13 63.43 -23.23 -68.52 23
-41.78 -76.18 0.83 12.28 4.41 76 15.49 150.17 2.87 -84.55 69
-57.15 -82.78 -10.83 -42.02 12.44 37 25.81 47.29 -30.36 -75.9 47.58
-138.48 -90.04 -27.46 -17.36 36.73 33.13 -63.79 174.52 -81.36 -48.62 28.6
-241.17 -89.52 -55.7 14.44 17.5 -0.76 -78.1 -84.36 -211.42 -36.87 -22.53
-335.09 -11.37 -85.2 61.69 -23.56 -30.25 -126.83 -8.7 -327.53 -3.01 -28.13
-5.9 -26.94 -123.18 -99.96 -14.94 19.22 127.01 -100.72 -290.55 39.31 -2.26
-145.55 -24.49 -105.39 -106.87 -37.4 22.69 9.21 -47.9 -279.68 0.95 -23.78
190.22 21.76 -81.73 -72.26 126.5 89.83 46.98 -61.82 -185.5 -1.55 -62.78
-16.32 -66.24 -51.84 -64.77 -13.63 26.37 10.31 -31.53 -107.35 -9.83 -29.2
-153.28 -120.04 -38.46 -54.29 56.4 35.47 -88.38 -16.99 -150.63 -5.92 26.34
-96.83 -83.81 -9.99 -51.37 37.55 61.26 -14.54 98.92 -75.06 -27.58 43
-76.5 -67.09 1.7 -20.2 62.78 43 321.88 95.15 -26.19 -67.67 11
-55.48 -135.41 -19.05 -25.27 60.77 57 -19.6 180.8 11.24 -19.66 42
-76.83 -140.75 11.63 10.79 0.71 15 25.84 -59.02 64.16 -78.34 7
-142.12 -18.66 8.85 -13.61 -10.74 52 8.42 1.21 -12.84 15.61 7.64
-265.56 -79.59 -50.67 5.17 -12.18 30.53 12.46 -74.57 -215.83 -58.95 12.36
-312.7 -34.71 -82.89 1.42 40.04 -19.75 -90.82 -55.48 -260.91 -4.58 14.21
-12.57 -27.01 -105.39 -126.96 -63.15 -12.25 167.8 -81 -322.25 11.67 -7.99
243.56 -35.59 -138.11 -140.93 -53.03 -4.84 -85.11 -65.85 -14.3 -12.48 -60.17
47.74 -37.34 -107.79 -140.71 -77.79 28.54 206.26 -45.25 -149.79 -34.31 -1.25
233.42 -47.78 -88.56 -73.69 -19.27 12.56 -60.47 -55.46 -223.66 -11.42 -30.74
-126.48 -117.25 -27.36 -4.63 4.58 7.14 -117.61 20.01 -143.48 -1.35 50.82
-115.09 -135.19 -10.8 -41.01 -1.52 9.71 -66.72 -19.53 -42.33 -53.09 26.54
-66.63 -146.33 -5.86 -16.67 28.51 56.93 -4.23 7.05 -17.11 -34.43 66.29
-47.24 -96.23 -6.99 -42.2 70.1 119 59.28 162.19 -11.71 -68.45 38
-73.28 -23.2 21.03 11.48 74.51 84 54.11 214.18 -30.58 -89.7 41
-187.14 -64.73 -24.37 74.34 73.39 27.02 -43.14 12.41 -136.39 -66.04 43.56
-277.76 -30.02 30.96 -3.79 -23.28 0.73 -33.58 2.23 -229.45 -12.08 -20.46
-298.82 -37.23 -87.17 41.09 -1.91 21.17 -108.8 -20.54 -262.01 -45.57 -10.97
-196.65 -17.43 -97.15 -69.15 52.07 -33.04 46.11 -9.22 -215.54 -0.87 45.67
95.51 -25.15 -67.29 -120.93 -35.31 -26.25 77.73 25.79 -149.72 16.45 130.24
210.56 -31.74 -105.31 -141.99 -59.57 -2.34 183.76 -79.35 -109.72 -15.96 6.5
-44.93 -20.29 -64.71 15.64 -21.63 1.13 223.7 -109.69 -245.55 -25.55 37.97
-76.93 -93.85 -22.84 -65.46 -5.1 -31.19 -83.8 -2.18 -115.25 -44.65 28.67
-83.53 -159.43 13.25 -37.86 23.25 34.19 -63.34 57.42 -66.95 -54.54 56.68
-59.65 -104.42 0.09 -29.45 6.86 87 -2.83 141.01 -23.79 -79.25 69.68
-35.69 -95.46 18.96 -23.3 49.31 60 -30.96 178.82 46.86 -67.26 101.63
-72.35 -103.43 26.17 37.29 74.93 36 -5.86 -30.92 29.99 -102.56 18
-145.39 -90.16 3.53 -29.78 2.06 46.51 27.4 153.79 -14.1 -16.7 7
-224.89 -31.18 -19.83 -22.02 -15.14 66.87 -6.35 145.04 -162.66 12.2 -13.77
-307.41 -51.37 -72.35 -58.18 -14.4 13.54 -33.58 95.75 -263.39 -0.81 12.96
-241.54 -32.54 -110.78 -93.73 -33.89 -43.78 150.72 -9.38 -363.3 -5.31 15.57
60.4 -37.55 -111.61 -119.25 -21.1 37.61 -107.84 -64.11 -32.98 -31.96 -44.61
105.06 -55.22 -107.01 -108.9 28.87 27.88 -95.36 -90.32 -154.14 6.48 91.26
48.72 -95.28 -28.1 -63.06 -22.02 -17.8 -161.45 48.05 -149.94 -51.18 -30.83
-122.1 -106.06 -29.06 -59.92 -39.16 -2.29 -14.63 54.17 -122.69 -43.28 -1.71
-84.47 -80.68 -13.56 67.14 7.33 -9.85 -61.63 -6.55 -63.67 -49.84 59.67
-48.82 -137.54 -7.73 -19.78 80.16 91 -2.45 111.2 32.46 -81.02 36
-58.87 -133.98 -10.93 -3.26 48 69 -28.09 199.31 -1.63 -29.37 18
-122.2 8.73 -18.18 5.66 32.14 32 192.27 19.7 -20.19 -65.39 17
-103.93 -50.14 -26.27 -55.56 64.04 65.61 -67.97 -50.88 -64.02 -67.97 31
-244.8 -30.33 -59.67 -56.93 26.16 60.81 -82.84 -61.63 -38.55 15.19 11.48
-288.82 -17.05 -94.99 -33.32 16.38 31.19 -95.38 -63.25 -333.47 -44.83 -7.59
-202.52 -22.98 -96.45 -77.66 -13.32 -8.51 58.89 -56 -230.1 -0.2 -42.16
126.38 -38.91 -36.89 -131.7 -61.9 -57.99 60.02 -17.09 -94.66 -3.88 -76.32
317.48 -15.55 -11.83 -114.77 140.22 119.53 -13.25 -89.63 -105.97 6.34 -39.79
110.18 22.02 -48.48 -81.91 -53.91 -17.76 141.8 -13.84 -59.91 1.09 -36.68
-116.68 -51.7 -8.51 -65.05 -37.75 108.66 -99.87 -8.58 -163.25 -37.31 155.34
-78.56 -106.73 -28.23 61.62 1.13 65.45 -0.86 115.09 -48.16 -73.97 53.44
-64.06 -160.76 32.68 -20.49 1.66 98 1.34 176.12 6.39 -54.42 39.53
-47.72 -150.29 2.99 48.85 30.21 39 -20.07 76.94 -20.26 -73.17 100
-77.81 -176.94 2.5 1.31 50.73 41 5.52 137.07 72.04 -62.82 15
-130.97 -62.5 -19.06 8.22 59.87 17.19 -56.71 32.39 -9.83 -40.38 9.9
-255.81 41.62 -22.01 -5.52 -51.52 6.12 -39.12 -1.88 -260.71 27.06 17.64
-253.63 -55.18 -24.37 -48.97 21.1 81.32 -128.36 -26.49 -299.66 -11.59 -7.77
-180.77 -30.17 -98.78 -99.13 -21.08 -8.09 52.58 -61.92 -145.2 9.99 -23.41
203.08 -34.02 -88.88 -118.62 -36.2 12.14 8.9 73.84 -213.28 -8.78 -13.23
164.04 -53.49 -103.62 -97.09 -24.37 -50.7 71.09 -92 -173.32 -33.63 -10.24
-28.1 -71.44 -81.34 47.41 140.78 47.01 -54.63 -94.82 -152.5 -33.85 53.2
-117.83 -3.42 -57.17 256.18 33.04 6.5 -98.48 -11.39 -148.59 -29.3 40.42
-91.45 -62.42 -24.4 -40.51 38.58 -7.92 -71.86 110.18 -59.36 -67.6 75.4
-56.33 -82.38 21.46 8.9 53.48 42 -40.91 96.06 -20.18 -30.94 78.36
